outcome	KNG1	FN1	ALB	PLG	IGF1	EGF	HRG	TYROBP	CSF1R	ITGB2
NC	9.045274817	7.109222436	10.64117168	10.55455066	9.463720454	7.998885548	8.629754713	7.875099346	7.531847806	6.69727236
NC	8.174533845	7.33411084	7.343409189	10.32943445	9.58922291	7.257063573	7.818744683	6.902446382	7.416300357	6.502363358
NC	9.264127673	7.017633952	7.665901192	9.477453156	8.183161159	8.84043843	7.976360013	6.819212816	7.241209768	6.309381786
NC	7.665084389	7.253625109	8.673907256	10.4883249	8.445131842	7.459741214	7.918148669	7.408170427	7.566952611	6.814756398
NC	8.905959387	7.242728333	9.009554713	10.67183847	9.927964036	8.310377526	8.194042064	7.097787635	7.433794472	6.653658002
NC	10.38830992	7.199216678	10.24238179	9.798790076	9.498036975	10.20013297	8.726942258	7.674288459	7.725823741	6.574055705
NC	8.906719974	7.006824802	8.973885442	9.862672192	9.503278444	8.132085218	7.854839858	5.834801625	6.931432747	6.760234749
NC	9.662325061	7.350696397	9.173911227	10.52742616	8.724548504	8.565630294	8.054537287	7.04002603	7.225719999	6.451926813
NC	8.924763472	7.104789251	6.737099921	9.37208249	8.668921097	7.813938178	7.855419602	8.429480116	7.533466789	7.144911533
NC	9.613123876	7.188433513	9.237595076	10.69002089	9.356353838	9.324814754	8.36763151	7.569623696	7.267929999	6.583917646
NC	9.056597504	7.669284925	9.833361667	9.811719914	7.970775419	8.00284529	7.814019777	7.132175074	7.41883302	6.740025047
NC	8.500735891	6.924081037	6.830657724	9.614241372	6.759842486	7.977252408	6.969797751	6.73528231	7.403481089	6.40924833
NC	7.468195065	7.389314332	7.942471694	9.172699042	9.169350045	7.084077994	7.061112114	6.416490634	7.432738475	6.569821315
NC	9.956273083	7.730224148	8.775767345	9.192366667	7.846003429	9.101883909	8.359302562	8.412553865	7.894115684	7.353863789
NC	7.310128621	7.1726587	7.942735188	9.095852484	9.610742165	7.767034047	7.660879392	6.79228562	6.899093468	6.631919443
NC	8.349920146	7.055897415	9.282973618	10.00432118	8.73782724	7.920605198	8.227570277	6.214297808	7.2646292	6.567858055
NC	9.023844677	7.474481622	9.729772191	10.24233169	8.659901503	8.366927424	7.970495976	6.61329634	6.889328146	6.302939249
NC	9.042735783	7.353462007	10.67135596	10.21227358	8.527003012	8.159815875	7.892792594	6.793505101	7.187702869	6.741575326
NC	7.282625078	7.82053819	5.535124544	7.629436905	9.25728517	6.395126944	6.670470077	7.410325331	7.894961578	6.784147731
NC	8.227424453	8.094272802	8.297751592	7.886982801	7.93328083	7.345129404	6.544261148	10.22870676	8.383017991	9.133426201
NC	8.199568578	7.837327225	8.225573398	8.816488654	8.574253329	7.567390762	7.945109831	7.568733754	8.138166393	7.004889627
NC	7.805430279	7.692936029	9.86501258	11.97362905	9.034815023	6.936479665	7.703791299	9.772746964	9.08012502	8.375813663
NC	9.624600403	7.774168038	10.6442458	9.555328804	8.558440571	9.126658753	8.361135281	7.591233306	8.214531878	7.205458555
NC	9.413247265	8.193291452	10.53249753	11.27050516	9.501104289	8.409910842	8.792690782	7.713863559	8.358435463	7.197902001
NC	9.404408044	7.781278557	9.791198125	10.07523068	9.899971555	9.413207261	8.676090046	7.015585342	7.595200495	6.975222649
NC	9.34840539	7.526547821	9.721563783	10.46338302	9.396431244	8.289230009	9.274552034	7.254536615	8.100405675	7.131260731
NC	9.534008949	7.421232509	11.03823675	10.99834018	9.722737472	9.227209465	8.781171331	6.854472682	8.006716238	6.389317471
IgAN	8.956490993	7.884053451	8.013219812	11.39915813	7.566239392	7.441433417	8.429764458	7.323397208	7.289734229	6.175430521
IgAN	6.852847017	7.576240774	6.423919855	9.548420242	8.930081324	6.3797952	7.206739918	8.986576638	8.284229087	7.393245958
IgAN	5.687347695	7.055505835	4.472666029	6.057491019	7.815025464	6.457129665	6.068074452	10.31096066	9.904385034	9.629655771
IgAN	5.526604327	8.157287588	6.023732508	7.076704448	7.273420149	6.606172214	6.297331933	8.962490342	8.745750314	8.433949647
IgAN	6.84570411	7.505280037	5.320562789	8.585239354	7.295975878	6.324069854	6.958302269	7.997788329	7.671063612	6.867452364
IgAN	5.589196697	8.466102874	4.602668651	6.29755798	7.754811685	5.510481501	6.245024276	11.11605529	8.351476114	9.900670369
IgAN	9.226267361	9.838454637	4.374549523	5.591451084	6.874977981	6.790655584	7.178142668	8.97201696	9.149493614	8.70948106
IgAN	7.776137133	8.234226218	7.891578378	9.118250116	7.032688184	6.614812916	7.456851666	7.793799179	7.569837127	6.831983186
IgAN	5.46428353	10.51153385	4.310794648	6.201920048	6.57413604	5.739763169	6.50542378	10.30864922	10.09279816	9.745587706
IgAN	6.931242137	8.105716623	6.564969273	8.16105254	7.708904344	6.668576899	6.638458303	9.333399389	9.144871022	8.673320129
IgAN	8.54601069	7.315642123	8.046514785	9.27107222	7.849603631	7.013108648	7.275981422	8.557681096	8.007137066	7.997739676
IgAN	8.896910093	9.223612437	7.189075104	11.23659905	7.842006743	7.729742639	7.345362307	9.065643853	8.988470174	8.920976531
IgAN	5.723429996	9.59452635	5.74691244	6.405090385	6.981805556	5.440712891	6.24400981	8.693189069	8.454588892	7.891539441
IgAN	8.183188655	8.253676499	7.918718824	8.882052076	7.02041847	8.086268993	6.871186517	8.758347166	8.445765517	7.738186048
IgAN	6.159222943	8.411090248	6.864616283	7.935346745	7.782740361	6.426271456	6.596409199	8.921441001	8.468652099	8.300809375
IgAN	8.358529379	9.962154622	6.529385798	9.168164476	6.977000047	7.25537506	6.772121243	10.95300363	10.15865143	9.23625273
IgAN	7.056141949	9.057296107	4.631564141	7.220598337	6.887551216	6.44569092	6.232657164	10.39828091	9.82120385	9.26367523
IgAN	6.916009508	9.504229401	7.023653783	7.07835853	7.440818612	6.354674638	6.284389638	9.225675171	9.303330719	8.585433948
IgAN	6.376551272	10.23017704	6.027878388	7.624405379	8.018612773	6.916050161	6.36011427	9.520912291	9.22665822	8.902312694
IgAN	9.736180825	8.491139418	9.635671706	10.37930828	8.559295031	8.371773684	7.905903357	8.835787257	8.435812144	8.170402466
IgAN	5.771157354	7.671605169	6.40180312	8.50741599	7.786409398	5.64234287	6.597297818	8.002596198	7.877390094	7.414120233
IgAN	9.738535518	8.280800466	8.518634784	10.86365271	8.550633289	9.092318528	8.485376378	7.74682242	7.820352144	6.940000825
IgAN	7.371836923	7.549649195	5.980819635	9.059918162	9.337741101	6.891961933	6.886514687	8.665940313	8.050188972	7.545561816
IgAN	7.161307913	8.130272004	7.134650649	10.46568554	8.805453876	6.727924044	7.95165758	9.059540676	8.725818122	7.7884696
IgAN	9.940717891	6.6882489	5.864936112	9.157986475	10.58280277	9.455278358	7.418024084	8.452740881	7.921790762	7.31303713
IgAN	7.116168502	8.431351111	8.605716465	9.983392609	9.340071968	6.561897996	7.160056618	9.222921878	8.759872169	7.862200202
IgAN	7.360056784	10.78505411	6.716801894	8.353174176	6.507147691	6.184672794	6.512394664	9.892445297	8.664910943	8.780629885
IgAN	7.503540627	7.525114808	8.072593726	9.422231235	7.847352047	6.978858126	7.161967838	8.523882027	8.035338245	8.021964268
IgAN	9.456281841	8.483706293	9.715860975	10.12049523	8.426837573	8.345110977	8.199164522	8.822826273	8.437074492	8.178707009
IgAN	6.424249585	7.790644214	6.396129465	8.229740928	7.775344393	5.587186868	6.505494573	7.947271763	7.91537993	7.473535112
IgAN	9.29911746	8.320002709	8.561201919	10.54511104	8.504735059	9.07735656	9.012935881	7.675839599	7.866104982	7.028239435
IgAN	6.891669457	7.73020518	5.958605812	8.925884799	9.222922339	6.857694214	6.843082597	8.637924511	8.078022186	7.59764745
IgAN	7.157479093	8.197321559	7.142411788	10.25320437	8.728285558	6.689774668	7.889929645	9.062644367	8.723071063	7.830498124
IgAN	9.288474302	6.971794122	5.840254385	9.134554117	10.49566892	9.479860204	7.400516584	8.409226267	7.949637574	7.379331624
IgAN	6.797109667	8.466940855	8.649835404	9.8084236	9.289629273	6.512064089	7.023245328	9.224603294	8.748623436	7.888126207
IgAN	6.945245369	10.45870412	6.722897302	8.354073491	6.54774634	6.140020448	6.443145227	9.943599303	8.662865652	8.748805454
IgAN	7.983414839	7.97089836	8.046631917	11.04037556	7.53248156	7.426874914	8.51685268	7.238130861	7.35459183	6.331158375
IgAN	6.850497954	7.769889576	6.405987766	9.401952653	8.858706381	6.328107486	7.161013262	8.980766329	8.305850727	7.459295542
IgAN	6.017644305	7.296417256	4.372057866	5.941177779	7.770173303	6.406957384	6.028419666	10.36003655	9.817884542	9.51995464
IgAN	6.542940324	8.212604671	5.995524042	7.218686619	7.264584694	6.559258511	6.262650831	8.952551114	8.739394268	8.421022866
IgAN	6.743396063	7.698048674	5.271514971	8.533193186	7.321091913	6.267481875	6.78112673	7.945492588	7.713710035	6.965070545
IgAN	5.858069554	8.509168457	4.517162874	6.522355306	7.756103933	5.445902475	6.039365781	11.2317755	8.372039775	9.790385968
IgAN	8.203993321	9.611303686	4.242679062	5.873028927	6.96870054	6.754119911	7.101096123	8.967796541	9.108296291	8.675701324
IgAN	7.646451588	8.275086575	7.912396608	9.017144241	7.019434723	6.577009308	7.302176299	7.723626873	7.623696268	6.926516125
IgAN	6.131252535	10.16565515	4.170397991	6.260049724	6.633173929	5.701992822	6.280964889	10.38441823	10.00916655	9.644886592
IgAN	7.127943344	8.153425822	6.547718449	8.188667088	7.663365713	6.621622487	6.540370455	9.342235581	9.104869539	8.638236828
IgAN	8.109645366	9.111223203	7.195817585	10.89804576	7.803017232	7.692635403	7.240792227	9.060279995	8.962143087	8.869521009
IgAN	6.432789533	9.40658182	5.71894986	6.623241246	6.981735435	5.361228552	6.121907428	8.667244972	8.452884783	7.916700878
IgAN	7.437039799	8.29356167	7.938869746	8.802569079	7.094420022	8.057078597	6.821171347	8.752669006	8.448401448	7.775055317
IgAN	8.247737097	9.425163834	6.538209294	9.17947098	7.007504893	7.233358983	6.627202341	11.06739379	10.07002326	9.174726761
IgAN	6.955091123	8.975161674	4.554542878	7.138056922	6.948348598	6.398208472	6.207535099	10.46754866	9.739419592	9.187057879
IgAN	6.694158215	9.344170504	7.016740687	7.234201482	7.476449223	6.308175058	6.235724197	9.221625646	9.253138104	8.554080395
IgAN	6.367872923	9.915024782	5.996764073	7.604683775	7.966753018	6.882173479	6.353644571	9.5327231	9.179427773	8.848439019
IgAN	7.532302822	7.444231815	8.063375343	9.497414538	7.863735104	7.046510481	7.2432313	8.499704183	8.013740022	8.026723638
IgAN	7.989928604	7.896791969	8.049014082	11.17184151	7.531138495	7.432924089	8.503779074	7.182694446	7.315140838	6.224223619
IgAN	6.915752672	7.734703223	6.428125298	9.468902687	8.897186887	6.351289491	7.238754832	8.982405054	8.301467543	7.423535823
IgAN	6.062579588	7.217931085	4.400926568	5.867005411	7.791033694	6.436600446	6.019868108	10.3888458	9.87446077	9.564031082
IgAN	6.582782223	8.222009628	5.993177508	7.204025758	7.270441814	6.578276569	6.256810449	8.942369818	8.75386909	8.427930482
IgAN	6.786784462	7.637240834	5.3124738	8.559824586	7.308333132	6.319902131	6.883030284	7.908950143	7.679022967	6.879580773
IgAN	5.955442469	8.507619893	4.544868658	6.478042978	7.748185043	5.520289095	6.262899701	11.29092431	8.360422287	9.859023722
IgAN	8.202873405	9.727015983	4.313182462	5.794996519	6.85393259	6.793620739	7.166361086	8.965320601	9.14380743	8.676814647
IgAN	7.687982272	8.287487583	7.918678839	9.068643521	7.026106663	6.638403675	7.456429671	7.691614831	7.585479266	6.860444562
IgAN	6.212971573	10.34990761	4.241753909	6.201474315	6.633073423	5.781540477	6.370734287	10.42298086	10.04554052	9.706101918
IgAN	7.175963214	8.151393779	6.570163125	8.222503058	7.663002776	6.665837716	6.586947298	9.354055742	9.119137093	8.653376616
IgAN	9.470443255	8.495514239	9.665923731	10.22226482	8.462694318	8.389337215	8.147160839	8.819153074	8.430547303	8.171347623
IgAN	8.137013402	9.141038387	7.22870897	11.03241009	7.834756318	7.743142551	7.313438697	9.054736375	8.951345611	8.888545949
IgAN	6.473807774	9.486742686	5.760465288	6.593052899	6.954574499	5.423865399	6.130523078	8.652242511	8.455165338	7.88820482
IgAN	7.479603602	8.299714433	7.941269616	8.84417784	7.084248659	8.097174191	6.839468351	8.761490965	8.436356593	7.750623482
IgAN	6.556553184	8.467448957	6.839934958	7.812389962	7.787704022	6.457542898	6.568043647	8.896438751	8.469081258	8.277181402
IgAN	8.25550379	9.536081275	6.515060608	9.253210506	7.004420768	7.261529561	6.744955385	11.14261689	10.14198167	9.205203184
IgAN	7.051597256	8.978696416	4.572420206	7.136321316	6.942605874	6.449836022	6.192840476	10.51544085	9.782910193	9.225514262
IgAN	6.754662263	9.404361559	7.031849496	7.234553801	7.497508544	6.347075902	6.267286015	9.210287487	9.283665338	8.568088918
IgAN	6.406407245	10.057548	6.008364448	7.608062873	7.986804785	6.919244659	6.344759047	9.541408229	9.196839746	8.859769896
IgAN	6.521050586	7.745063794	6.425740477	8.274626329	7.794519253	5.65279276	6.56230284	7.911693564	7.890330598	7.436883295
IgAN	9.286314856	8.350272135	8.545425778	10.66370282	8.563890102	9.107058027	8.650769883	7.630348003	7.83560442	6.965646738
IgAN	6.943028407	7.678292671	6.022810095	8.995958726	9.267916006	6.876271448	6.826065725	8.625754049	8.058229715	7.550545341
IgAN	7.210611703	8.189313362	7.175461459	10.35127157	8.783856373	6.693538007	8.018487449	9.077640866	8.731426796	7.827706563
IgAN	9.273725331	6.825481786	5.900260303	9.18463499	10.52716517	9.495612974	7.449990268	8.392470793	7.929647292	7.354661652
IgAN	6.860837128	8.512024644	8.609483616	9.892146393	9.375945443	6.540910893	7.17146388	9.238979607	8.759171752	7.860239974
IgAN	7.08009561	10.5918947	6.756565594	8.400149139	6.515735977	6.200339547	6.544044377	9.970712929	8.674305292	8.768090283
