rank	cmap name	mean	n	enrichment	p	specificity	percent non-null	
499	cantharidin	-0.814	1	-0.994	---	---	100	
1	verteporfin	-0.859	3	-0.99	0	0	100	
506	exemestane	-0.625	1	-0.909	---	---	100	
507	dimethyloxalylglycine	-0.622	1	-0.904	---	---	100	
5	moxonidine	-0.646	3	-0.896	0.00218	0.0053	100	
508	celastrol	-0.612	1	-0.895	---	---	100	
509	5213008	-0.578	1	-0.862	---	---	100	
2	procaine	-0.597	5	-0.848	0.00024	0	100	
511	MG-132	-0.553	1	-0.832	---	---	100	
512	dopamine	-0.551	1	-0.83	---	---	100	
6	prenylamine	-0.614	4	-0.814	0.00225	0.0551	100	
516	5140203	-0.527	1	-0.808	---	---	100	
517	5151277	-0.52	1	-0.801	---	---	100	
518	dexverapamil	-0.519	1	-0.8	---	---	100	
19	sulfadoxine	-0.561	3	-0.795	0.01757	0.0112	100	
20	cortisone	-0.532	3	-0.794	0.01785	0.0209	100	
12	ioversol	-0.617	4	-0.787	0.00412	0	100	
519	HNMPA-(AM)3	-0.5	1	-0.786	---	---	100	
520	5162773	-0.499	1	-0.785	---	---	100	
521	pararosaniline	-0.497	1	-0.782	---	---	100	
13	buspirone	-0.525	4	-0.778	0.00501	0	100	
86	Y-27632	-0.525	2	-0.77	0.10396	0.1585	100	
28	STOCK1N-35215	-0.553	3	-0.768	0.02552	0.0299	100	
94	butein	-0.515	2	-0.767	0.10698	0.078	100	
523	U0125	-0.466	1	-0.761	---	---	100	
108	blebbistatin	-0.493	2	-0.748	0.12547	0.1757	100	
528	sulindac sulfide	0	1	-0.726	---	---	0	
531	tyrphostin AG-1478	0	1	-0.707	---	---	0	
18	primidone	-0.251	4	-0.699	0.01725	0.0272	50	
536	Prestwick-691	0	3	-0.694	---	---	0	
22	emetine	-0.454	4	-0.687	0.02067	0.2647	75	
23	proxymetacaine	-0.461	4	-0.686	0.02109	0.0054	75	
539	atracurium besilate	-0.131	3	-0.686	---	---	33	
25	zoxazolamine	-0.457	4	-0.679	0.02371	0.0556	75	
29	bisacodyl	-0.526	4	-0.672	0.0258	0.0645	75	
186	5279552	-0.247	2	-0.672	0.21607	0.2679	50	
30	apigenin	-0.497	4	-0.666	0.02815	0.163	75	
31	bisoprolol	-0.38	4	-0.663	0.029	0.0166	75	
37	etidronic acid	-0.463	4	-0.657	0.03191	0.0482	75	
547	cephaeline	-0.099	5	-0.656	---	---	20	
221	arachidonyltrifluoromethane	-0.216	2	-0.643	0.25683	0.2876	50	
548	5666823	0	1	-0.642	---	---	0	
549	"1,5-isoquinolinediol"	0	1	-0.641	---	---	0	
38	isradipine	-0.44	4	-0.64	0.04008	0.0269	75	
40	semustine	-0.438	4	-0.635	0.04279	0.1333	75	
551	gefitinib	0	1	-0.635	---	---	0	
41	copper sulfate	-0.252	4	-0.634	0.04343	0.0294	50	
552	yohimbic acid	0	3	-0.632	---	---	0	
43	pipenzolate bromide	-0.472	4	-0.629	0.04673	0.0971	75	
553	W-13	0	2	-0.628	---	---	0	
95	alfaxalone	-0.392	3	-0.627	0.10766	0.1702	66	
44	atropine	-0.496	4	-0.626	0.04812	0.1436	75	
24	clotrimazole	-0.419	5	-0.615	0.02347	0.0758	80	
106	anabasine	-0.459	3	-0.615	0.12201	0.1611	66	
51	Prestwick-860	-0.467	4	-0.614	0.05616	0.1429	75	
557	isoniazid	-0.133	5	-0.613	---	---	20	
52	boldine	-0.268	4	-0.612	0.05737	0.0526	50	
559	tomelukast	0	1	-0.611	---	---	0	
114	cefalonium	-0.4	3	-0.608	0.13048	0.1957	66	
54	SC-58125	-0.258	4	-0.606	0.06211	0.0288	50	
58	strophanthidin	-0.327	4	-0.602	0.06533	0.0787	75	
59	sotalol	-0.508	4	-0.601	0.06618	0.08	75	
561	decitabine	0	1	-0.599	---	---	0	
62	meropenem	-0.448	4	-0.598	0.06803	0.1164	75	
9	CP-690334-01	-0.268	8	-0.597	0.00315	0.0476	50	
35	levodopa	-0.344	5	-0.596	0.03108	0.0505	80	
563	dimenhydrinate	-0.114	4	-0.596	---	---	25	
36	midecamycin	-0.387	5	-0.594	0.03174	0.0311	60	
130	ebselen	-0.457	3	-0.594	0.14981	0.2561	66	
70	anisomycin	-0.32	4	-0.591	0.07498	0.2966	50	
73	neostigmine bromide	-0.361	4	-0.588	0.07818	0.1207	50	
567	topiramate	0	1	-0.586	---	---	0	
75	trimethadione	-0.383	4	-0.585	0.08031	0.0774	75	
569	isocarboxazid	-0.178	5	-0.583	---	---	40	
570	5286656	0	1	-0.582	---	---	0	
147	corynanthine	-0.472	3	-0.581	0.1699	0.2826	66	
79	chloropyramine	-0.395	4	-0.58	0.08518	0.1118	75	
572	adiphenine	0	5	-0.58	---	---	0	
282	fasudil	-0.335	2	-0.575	0.36353	0.3051	50	
575	5186324	0	1	-0.574	---	---	0	
82	digoxin	-0.491	4	-0.573	0.09159	0.2245	75	
577	lidocaine	-0.231	5	-0.572	---	---	40	
84	pizotifen	-0.249	4	-0.57	0.09513	0.1035	50	
579	tioguanine	0	1	-0.568	---	---	0	
580	ajmaline	0	3	-0.567	---	---	0	
27	bromopride	-0.385	6	-0.566	0.02469	0.0235	83	
582	DL-PPMP	0	1	-0.565	---	---	0	
583	dicycloverine	-0.166	5	-0.565	---	---	40	
172	pipemidic acid	-0.404	3	-0.564	0.19774	0.2151	66	
584	aciclovir	-0.067	6	-0.564	---	---	16	
178	cobalt chloride	-0.269	3	-0.562	0.20325	0.1417	66	
585	oligomycin	0	1	-0.561	---	---	0	
89	butirosin	-0.45	4	-0.56	0.10486	0.0651	75	
90	cefuroxime	-0.33	4	-0.56	0.10563	0.1696	75	
586	chlortalidone	-0.154	4	-0.56	---	---	25	
587	bumetanide	-0.156	4	-0.56	---	---	25	
91	naringin	-0.329	4	-0.559	0.10603	0.1942	75	
92	repaglinide	-0.433	4	-0.559	0.10627	0.3971	75	
182	atovaquone	-0.433	3	-0.559	0.20782	0.3405	66	
183	tetryzoline	-0.379	3	-0.558	0.20898	0.1242	66	
96	ouabain	-0.481	4	-0.557	0.10818	0.193	75	
588	LM-1685	-0.151	3	-0.556	---	---	33	
589	esculetin	-0.153	3	-0.556	---	---	33	
99	cicloheximide	-0.473	4	-0.555	0.11039	0.3407	75	
590	maprotiline	0	4	-0.555	---	---	0	
101	fluorometholone	-0.438	4	-0.553	0.11277	0.1139	75	
102	tubocurarine chloride	-0.444	4	-0.552	0.11486	0.0964	75	
592	memantine	-0.156	4	-0.552	---	---	25	
193	terfenadine	-0.472	3	-0.549	0.22524	0.4404	66	
593	colistin	0	4	-0.549	---	---	0	
595	2-deoxy-D-glucose	0	1	-0.548	---	---	0	
103	ketoconazole	-0.449	4	-0.547	0.12129	0.0373	75	
104	diloxanide	-0.277	4	-0.547	0.12151	0.2214	50	
107	laudanosine	-0.37	4	-0.545	0.12346	0.071	50	
109	azlocillin	-0.425	4	-0.542	0.12678	0.1471	75	
598	chlormezanone	-0.14	4	-0.54	---	---	25	
113	etamivan	-0.321	4	-0.539	0.1301	0.275	50	
63	picotamide	-0.433	5	-0.538	0.06869	0.1	80	
115	nabumetone	-0.481	4	-0.538	0.13233	0.2089	75	
600	dirithromycin	-0.181	3	-0.538	---	---	33	
64	"2,6-dimethylpiperidine"	-0.326	5	-0.537	0.06965	0.0541	80	
116	droperidol	-0.285	4	-0.536	0.13374	0.1389	50	
117	flucytosine	-0.408	4	-0.536	0.13434	0.1792	75	
118	lomustine	-0.244	4	-0.536	0.13434	0.4085	50	
119	delsoline	-0.44	4	-0.535	0.13474	0.1921	75	
218	lisinopril	-0.397	3	-0.535	0.25381	0.3351	66	
121	oxprenolol	-0.424	4	-0.534	0.13655	0.3366	75	
123	cycloserine	-0.443	4	-0.533	0.1374	0.4121	75	
127	canrenoic acid	-0.262	4	-0.529	0.14345	0.1658	75	
128	glafenine	-0.341	4	-0.528	0.14438	0.2983	50	
324	DL-thiorphan	-0.323	2	-0.526	0.44797	0.8239	50	
76	yohimbine	-0.344	5	-0.524	0.08147	0.0919	60	
131	propafenone	-0.411	4	-0.523	0.15063	0.2531	75	
135	nialamide	-0.397	4	-0.52	0.15538	0.2537	75	
137	megestrol	-0.276	4	-0.518	0.15801	0.1633	50	
246	ticarcillin	-0.369	3	-0.517	0.29134	0.3044	66	
138	capsaicin	-0.399	4	-0.516	0.16137	0.235	75	
610	piroxicam	-0.126	4	-0.516	---	---	25	
252	BCB000039	-0.194	3	-0.514	0.29791	0.2422	66	
335	5182598	-0.283	2	-0.514	0.47171	0.7359	50	
611	bergenin	-0.109	4	-0.514	---	---	25	
141	tetramisole	-0.323	4	-0.512	0.16716	0.1193	50	
142	ginkgolide A	-0.444	4	-0.512	0.1674	0.535	75	
614	3-aminobenzamide	0	1	-0.512	---	---	0	
143	dextromethorphan	-0.452	4	-0.511	0.16883	0.3096	75	
144	Prestwick-920	-0.228	4	-0.51	0.16899	0.1751	50	
145	acepromazine	-0.45	4	-0.51	0.16965	0.3277	75	
146	convolamine	-0.312	4	-0.51	0.16965	0.1676	50	
616	sulfasalazine	-0.134	5	-0.509	---	---	20	
258	ursodeoxycholic acid	-0.375	3	-0.508	0.31087	0.5459	66	
154	fluorocurarine	-0.43	4	-0.504	0.17872	0.1571	75	
155	sulfabenzamide	-0.199	4	-0.504	0.17894	0.133	75	
620	alpha-yohimbine	0	3	-0.504	---	---	0	
621	selegiline	-0.14	4	-0.504	---	---	25	
622	4-hydroxyphenazone	-0.216	5	-0.504	---	---	40	
55	lanatoside C	-0.307	6	-0.503	0.06305	0.2234	50	
157	riboflavin	-0.409	4	-0.502	0.18232	0.4241	75	
158	dexpanthenol	-0.383	4	-0.502	0.1829	0.1429	75	
98	chlortetracycline	-0.202	5	-0.5	0.11014	0.1096	60	
160	cinchonidine	-0.226	4	-0.5	0.18574	0.1507	75	
100	baclofen	-0.246	5	-0.499	0.11146	0.1164	60	
351	piperlongumine	-0.445	2	-0.499	0.50147	0.5949	50	
354	"1,4-chrysenequinone"	-0.437	2	-0.499	0.50479	0.6172	50	
163	ricinine	-0.41	4	-0.497	0.19004	0.1566	75	
164	3-nitropropionic acid	-0.397	4	-0.497	0.1905	0.3481	75	
165	loracarbef	-0.274	4	-0.497	0.19073	0.2984	50	
169	securinine	-0.309	4	-0.496	0.19246	0.3418	50	
626	carbamazepine	-0.229	8	-0.495	---	---	37	
67	guaifenesin	-0.236	6	-0.494	0.07185	0.2062	50	
171	0198306-0000	-0.287	4	-0.493	0.19706	0.3352	75	
173	levamisole	-0.367	4	-0.492	0.19855	0.4381	75	
180	doxazosin	-0.331	4	-0.489	0.2049	0.5795	50	
632	disopyramide	0	4	-0.487	---	---	0	
634	mifepristone	0	4	-0.486	---	---	0	
635	atractyloside	-0.081	5	-0.486	---	---	20	
636	penbutolol	0	3	-0.485	---	---	0	
637	guanadrel	0	5	-0.484	---	---	0	
639	PHA-00816795	0	2	-0.484	---	---	0	
189	gramine	-0.251	4	-0.481	0.22083	0.2186	75	
294	0297417-0002B	-0.38	3	-0.48	0.38076	0.6148	66	
125	cefazolin	-0.203	5	-0.479	0.14138	0.0429	60	
296	articaine	-0.255	3	-0.479	0.38306	0.3189	66	
397	sanguinarine	-0.373	2	-0.479	0.57722	0.7938	50	
298	sulfaquinoxaline	-0.286	3	-0.477	0.38649	0.4877	66	
300	piperidolate	-0.4	3	-0.477	0.38749	0.6804	66	
196	androsterone	-0.256	4	-0.476	0.23141	0.109	50	
197	bezafibrate	-0.275	4	-0.476	0.23141	0.396	50	
129	epirizole	-0.37	5	-0.475	0.14771	0.1371	60	
201	amrinone	-0.208	4	-0.475	0.23372	0.3296	50	
203	estrone	-0.263	4	-0.474	0.23512	0.2529	50	
132	3-acetylcoumarin	-0.406	5	-0.473	0.15186	0.2086	60	
648	phthalylsulfathiazole	-0.263	5	-0.473	---	---	40	
204	chlorphenamine	-0.297	4	-0.472	0.23885	0.2406	50	
650	benzonatate	-0.234	5	-0.472	---	---	40	
652	alprenolol	-0.174	4	-0.471	---	---	25	
214	piperine	-0.12	4	-0.468	0.2483	0.2	50	
661	methylprednisolone	0	4	-0.467	---	---	0	
311	proscillaridin	-0.439	3	-0.466	0.41595	0.5273	66	
140	spironolactone	-0.291	5	-0.465	0.16529	0.268	60	
220	oxybutynin	-0.292	4	-0.464	0.25648	0.3292	50	
148	hesperetin	-0.368	5	-0.46	0.17387	0.2593	60	
151	diphemanil metilsulfate	-0.334	5	-0.46	0.17465	0.1818	60	
320	quinidine	-0.365	3	-0.46	0.43128	0.4277	66	
427	scopoletin	-0.35	2	-0.46	0.64822	0.8077	50	
228	procainamide	-0.271	4	-0.459	0.26768	0.3212	50	
229	ritodrine	-0.235	4	-0.458	0.26987	0.2	50	
232	oxybuprocaine	-0.311	4	-0.458	0.27235	0.3427	50	
670	promazine	-0.086	6	-0.456	---	---	16	
237	ellipticine	-0.348	4	-0.455	0.27785	0.5115	50	
238	xylazine	-0.339	4	-0.455	0.27816	0.3105	50	
46	PNU-0230031	-0.16	8	-0.453	0.05141	0.099	50	
239	ergocalciferol	-0.259	4	-0.453	0.28244	0.2685	50	
244	dipivefrine	-0.189	4	-0.451	0.28901	0.2632	50	
170	naltrexone	-0.218	5	-0.45	0.19333	0.3146	60	
245	tiabendazole	-0.31	4	-0.45	0.29133	0.5243	50	
676	methacholine chloride	-0.17	3	-0.45	---	---	33	
253	digitoxigenin	-0.373	4	-0.446	0.30007	0.451	50	
254	diclofenamide	-0.135	4	-0.446	0.30044	0.2663	50	
176	sulfamethoxypyridazine	-0.323	5	-0.445	0.20266	0.4852	60	
120	beta-escin	-0.24	6	-0.444	0.13545	0.2314	66	
179	meticrane	-0.405	5	-0.444	0.20475	0.6537	60	
443	mercaptopurine	-0.335	2	-0.444	0.70064	0.7055	50	
122	fenoprofen	-0.447	6	-0.443	0.13706	0.4796	66	
685	ascorbic acid	-0.137	4	-0.443	---	---	25	
686	calycanthine	-0.073	4	-0.441	---	---	25	
687	budesonide	-0.122	4	-0.441	---	---	25	
261	dyclonine	-0.299	4	-0.44	0.31636	0.3015	50	
689	nicardipine	-0.174	4	-0.44	---	---	25	
126	ethotoin	-0.412	6	-0.439	0.14314	0.4398	66	
187	metrifonate	-0.329	5	-0.439	0.21622	0.2245	60	
263	16-phenyltetranorprostaglandin E2	-0.148	4	-0.439	0.31877	0.2738	50	
450	5248896	-0.234	2	-0.439	0.71267	0.8618	50	
690	famotidine	-0.242	5	-0.439	---	---	40	
264	rolitetracycline	-0.333	4	-0.438	0.32085	0.4972	50	
695	cefapirin	-0.128	4	-0.438	---	---	25	
188	equilin	-0.119	5	-0.437	0.22031	0.2391	60	
696	esculin	-0.151	4	-0.437	---	---	25	
697	mesalazine	-0.194	5	-0.437	---	---	40	
267	pancuronium bromide	-0.339	4	-0.436	0.32819	0.4392	50	
699	cefalotin	-0.18	4	-0.436	---	---	25	
700	tolfenamic acid	-0.144	4	-0.436	---	---	25	
701	cloperastine	-0.124	6	-0.436	---	---	16	
269	fosfosal	-0.324	4	-0.435	0.3312	0.3333	50	
347	PHA-00846566E	-0.142	3	-0.435	0.49838	0.5	66	
270	papaverine	-0.228	4	-0.434	0.33251	0.3837	50	
194	morantel	-0.376	5	-0.433	0.2293	0.6095	60	
353	proguanil	-0.129	3	-0.433	0.50391	0.4815	66	
134	flumetasone	-0.306	6	-0.432	0.15528	0.2574	66	
195	testosterone	-0.204	5	-0.432	0.23068	0.2258	60	
271	R-atenolol	-0.316	4	-0.432	0.33707	0.2011	50	
703	myosmine	-0.049	6	-0.432	---	---	33	
704	levonorgestrel	-0.194	6	-0.432	---	---	33	
136	helveticoside	-0.349	6	-0.431	0.15792	0.2987	66	
272	levocabastine	-0.149	4	-0.431	0.34025	0.3737	50	
359	albendazole	-0.339	3	-0.431	0.50847	0.5786	66	
706	paroxetine	-0.167	4	-0.431	---	---	25	
274	pregnenolone	-0.052	4	-0.43	0.34339	0.3503	50	
711	arachidonic acid	-0.157	3	-0.429	---	---	33	
370	oxytetracycline	-0.069	3	-0.428	0.51945	0.515	66	
713	trimetazidine	-0.152	4	-0.428	---	---	25	
714	pridinol	-0.159	4	-0.428	---	---	25	
716	zaprinast	0	4	-0.428	---	---	25	
718	nifenazone	0.011	5	-0.428	---	---	20	
277	alverine	-0.257	4	-0.427	0.35274	0.2782	50	
279	protriptyline	-0.356	4	-0.427	0.35441	0.4662	50	
720	CP-320650-01	-0.109	8	-0.426	---	---	12	
721	methocarbamol	-0.149	3	-0.426	---	---	33	
280	N6-methyladenosine	-0.153	4	-0.425	0.35736	0.3862	50	
281	fluvoxamine	-0.242	4	-0.425	0.35988	0.4152	50	
465	menadione	-0.318	2	-0.425	0.75496	0.8161	50	
723	josamycin	0.139	5	-0.425	---	---	0	
727	chrysin	-0.186	3	-0.423	---	---	33	
728	prilocaine	0	6	-0.422	---	---	0	
729	Prestwick-1085	-0.12	4	-0.422	---	---	25	
284	etanidazole	-0.342	4	-0.421	0.37001	0.4973	50	
286	dioxybenzone	-0.255	4	-0.42	0.3716	0.4731	50	
287	cefoxitin	-0.347	4	-0.42	0.37214	0.3353	50	
733	methylergometrine	-0.129	4	-0.42	---	---	25	
289	Prestwick-689	-0.328	4	-0.419	0.37498	0.4686	50	
291	Prestwick-675	-0.147	4	-0.418	0.3789	0.6443	50	
292	zomepirac	-0.33	4	-0.418	0.3795	0.5619	50	
470	5230742	-0.259	2	-0.418	0.77552	0.847	50	
736	spiradoline	0	4	-0.416	---	---	0	
301	hexestrol	-0.332	4	-0.415	0.38785	0.6496	50	
737	isoconazole	-0.241	5	-0.415	---	---	40	
234	diclofenac	-0.296	5	-0.414	0.27448	0.2609	60	
387	betamethasone	-0.119	3	-0.414	0.55659	0.5105	66	
303	amiprilose	-0.231	4	-0.413	0.39344	0.3647	50	
740	cefotiam	0.073	4	-0.412	---	---	25	
175	dicoumarol	-0.308	6	-0.411	0.19991	0.1056	50	
85	PHA-00851261E	-0.252	8	-0.41	0.10135	0.2235	50	
306	profenamine	-0.09	4	-0.41	0.40315	0.2188	50	
308	brinzolamide	-0.159	4	-0.41	0.40363	0.4649	50	
742	diltiazem	-0.248	5	-0.41	---	---	40	
395	ionomycin	-0.131	3	-0.408	0.57141	0.6148	66	
744	moracizine	-0.146	4	-0.407	---	---	25	
248	hyoscyamine	-0.241	5	-0.406	0.29228	0.3817	60	
250	clemizole	-0.353	5	-0.406	0.29328	0.4218	60	
310	velnacrine	-0.192	4	-0.406	0.41497	0.3432	50	
185	phenelzine	-0.366	6	-0.405	0.21205	0.1556	66	
312	5707885	-0.273	4	-0.405	0.41932	0.4538	50	
398	AH-23848	-0.296	3	-0.405	0.57958	0.6066	66	
748	gliquidone	0	4	-0.405	---	---	0	
314	estriol	-0.319	4	-0.404	0.42203	0.6733	50	
754	celecoxib	0.015	5	-0.403	---	---	20	
317	chlorprothixene	-0.31	4	-0.402	0.42736	0.3265	50	
757	chlorzoxazone	-0.148	4	-0.402	---	---	25	
319	norethisterone	-0.301	4	-0.401	0.43094	0.5488	50	
760	metolazone	-0.222	5	-0.401	---	---	40	
139	6-bromoindirubin-3'-oxime	-0.259	7	-0.4	0.16143	0.472	57	
321	mebeverine	-0.178	4	-0.4	0.43359	0.4252	50	
761	PNU-0251126	-0.134	6	-0.4	---	---	33	
765	conessine	-0.175	4	-0.397	---	---	25	
323	promethazine	-0.299	4	-0.396	0.44779	0.5179	50	
766	minocycline	-0.238	5	-0.396	---	---	40	
769	piperacetazine	-0.151	4	-0.396	---	---	25	
325	cefixime	-0.135	4	-0.395	0.44994	0.4279	50	
771	trimethobenzamide	0.127	5	-0.395	---	---	0	
773	lobeline	-0.13	4	-0.394	---	---	25	
774	betulinic acid	0.032	4	-0.394	---	---	25	
266	etodolac	-0.196	5	-0.393	0.32777	0.3409	60	
328	sulconazole	-0.316	4	-0.393	0.45623	0.7368	50	
329	Prestwick-1084	-0.332	4	-0.393	0.45666	0.8326	50	
775	tolnaftate	0	5	-0.393	---	---	0	
211	mexiletine	-0.288	6	-0.392	0.24506	0.2588	50	
268	cefalexin	-0.341	5	-0.392	0.33005	0.7037	60	
332	parbendazole	-0.31	4	-0.392	0.45965	0.5249	50	
778	seneciphylline	-0.158	4	-0.392	---	---	25	
781	eticlopride	0.105	4	-0.392	---	---	25	
333	ethaverine	-0.33	4	-0.391	0.46223	0.5223	50	
334	nadide	-0.259	4	-0.391	0.46343	0.4767	50	
784	prednisone	-0.107	5	-0.39	---	---	20	
786	bufexamac	-0.175	4	-0.39	---	---	25	
787	risperidone	-0.265	3	-0.39	---	---	33	
273	proglumide	-0.306	5	-0.389	0.34142	0.3115	60	
788	metyrapone	-0.126	4	-0.389	---	---	25	
789	ronidazole	-0.16	3	-0.389	---	---	33	
791	etacrynic acid	-0.19	3	-0.388	---	---	33	
792	heptaminol	0.134	5	-0.388	---	---	0	
793	rescinnamine	-0.213	3	-0.388	---	---	33	
794	levobunolol	0.124	4	-0.387	---	---	0	
795	todralazine	-0.17	5	-0.387	---	---	20	
276	diflunisal	-0.009	5	-0.386	0.35052	0.3564	60	
798	enalapril	-0.15	4	-0.386	---	---	25	
338	Prestwick-1080	-0.193	4	-0.385	0.48111	0.5922	50	
802	Prestwick-967	0	4	-0.385	---	---	0	
341	deptropine	-0.271	4	-0.384	0.48718	0.6269	50	
342	thiostrepton	-0.351	4	-0.383	0.48877	0.6389	50	
805	benzethonium chloride	-0.208	3	-0.383	---	---	33	
808	pirlindole	-0.184	3	-0.383	---	---	33	
345	phenacetin	-0.279	4	-0.382	0.49239	0.5055	50	
809	sulfathiazole	-0.216	5	-0.382	---	---	40	
810	dequalinium chloride	-0.211	4	-0.382	---	---	25	
812	tyloxapol	-0.197	4	-0.382	---	---	25	
346	terconazole	-0.158	4	-0.381	0.49697	0.4186	50	
814	etomidate	-0.19	3	-0.381	---	---	33	
815	gelsemine	-0.049	4	-0.381	---	---	25	
816	calcium folinate	0.093	5	-0.381	---	---	0	
283	cinchocaine	-0.334	5	-0.38	0.36672	0.534	60	
349	clomipramine	-0.308	4	-0.38	0.50047	0.6794	50	
818	torasemide	-0.209	4	-0.38	---	---	25	
819	canavanine	-0.261	3	-0.38	---	---	33	
285	pirenzepine	-0.088	5	-0.379	0.37116	0.3558	60	
350	denatonium benzoate	-0.301	4	-0.379	0.50104	0.6839	50	
352	propylthiouracil	-0.24	4	-0.379	0.50313	0.75	50	
356	flunarizine	-0.31	4	-0.378	0.50687	0.6061	50	
357	ketorolac	-0.303	4	-0.378	0.50731	0.6237	50	
821	15-delta prostaglandin J2	-0.284	15	-0.378	---	---	46	
822	solasodine	-0.127	6	-0.378	---	---	16	
358	talampicillin	-0.363	4	-0.377	0.50773	0.6791	50	
823	amylocaine	-0.286	5	-0.377	---	---	40	
828	BCB000040	-0.124	4	-0.376	---	---	25	
366	ifenprodil	-0.326	4	-0.375	0.51527	0.7471	50	
367	galantamine	-0.216	4	-0.375	0.51654	0.5568	50	
368	molindone	-0.278	4	-0.375	0.51712	0.6823	50	
369	corbadrine	-0.143	4	-0.375	0.51762	0.6149	50	
832	etamsylate	-0.183	4	-0.375	---	---	25	
835	pivmecillinam	0	4	-0.373	---	---	0	
837	benzbromarone	0.219	3	-0.372	---	---	0	
373	(+)-isoprenaline	-0.168	4	-0.371	0.53039	0.4538	50	
374	aminohippuric acid	-0.333	4	-0.371	0.53146	0.7315	50	
375	phenazopyridine	-0.322	4	-0.371	0.53192	0.5949	50	
482	alcuronium chloride	-0.271	2	-0.371	0.88282	0.9209	50	
377	saquinavir	-0.116	4	-0.369	0.53797	0.5682	50	
378	terbutaline	-0.028	4	-0.369	0.53896	0.3649	50	
844	betaxolol	-0.123	4	-0.368	---	---	25	
845	hydroquinine	-0.016	4	-0.368	---	---	25	
380	nicotinic acid	-0.263	4	-0.367	0.54256	0.5449	50	
383	cisapride	-0.312	4	-0.367	0.5457	0.4762	50	
846	alprostadil	0.023	7	-0.367	---	---	28	
847	glibenclamide	-0.153	4	-0.367	---	---	25	
384	alimemazine	-0.261	4	-0.366	0.54807	0.5782	50	
849	quipazine	0	4	-0.366	---	---	0	
851	fluoxetine	0	4	-0.366	---	---	0	
385	paracetamol	-0.345	4	-0.365	0.55	0.6067	50	
386	napelline	-0.16	4	-0.364	0.5535	0.6836	50	
853	6-azathymine	-0.162	4	-0.364	---	---	25	
388	cinoxacin	-0.31	4	-0.363	0.55979	0.6503	50	
854	flavoxate	-0.177	4	-0.363	---	---	25	
316	oleandomycin	-0.201	5	-0.362	0.42649	0.5217	60	
856	nocodazole	0	6	-0.362	---	---	0	
858	mebendazole	-0.239	5	-0.362	---	---	40	
392	adrenosterone	-0.251	4	-0.361	0.56691	0.6609	50	
859	terazosin	0.041	4	-0.361	---	---	25	
860	Prestwick-665	-0.154	5	-0.36	---	---	40	
861	adenosine phosphate	0.082	4	-0.36	---	---	25	
394	nipecotic acid	-0.317	4	-0.359	0.57063	0.7713	50	
486	calmidazolium	-0.27	2	-0.359	0.90493	0.9344	50	
862	glimepiride	-0.14	4	-0.359	---	---	25	
863	tetracycline	-0.102	5	-0.359	---	---	40	
396	piretanide	-0.145	4	-0.357	0.57698	0.7222	50	
864	(+)-chelidonine	0	4	-0.357	---	---	0	
865	cytisine	0	4	-0.357	---	---	0	
866	nordihydroguaiaretic acid	-0.231	15	-0.357	---	---	40	
399	acetylsalicylsalicylic acid	-0.279	4	-0.356	0.58356	0.6349	50	
869	azacyclonol	-0.012	5	-0.356	---	---	20	
400	cinnarizine	-0.259	4	-0.354	0.58961	0.6286	50	
402	cyclopenthiazide	0.038	4	-0.352	0.59573	0.6054	50	
403	7-aminocephalosporanic acid	-0.184	4	-0.352	0.59631	0.5652	50	
404	amikacin	-0.16	4	-0.352	0.59824	0.7588	50	
871	chloropyrazine	0	4	-0.352	---	---	0	
873	isocorydine	-0.138	4	-0.352	---	---	25	
405	citalopram	-0.144	4	-0.351	0.6014	0.6597	50	
875	AG-028671	-0.232	3	-0.351	---	---	33	
406	cefmetazole	-0.124	4	-0.35	0.60184	0.5319	50	
878	tetrandrine	-0.165	4	-0.35	---	---	25	
879	pralidoxime	0	4	-0.349	---	---	0	
337	amiloride	-0.254	5	-0.348	0.47914	0.5365	60	
410	tacrine	-0.12	4	-0.348	0.6105	0.3791	50	
880	bepridil	-0.182	4	-0.348	---	---	25	
881	carmustine	-0.044	3	-0.348	---	---	33	
411	arcaine	-0.116	4	-0.347	0.61366	0.6824	50	
412	pseudopelletierine	-0.287	4	-0.347	0.61366	0.7389	50	
883	colchicine	-0.198	6	-0.347	---	---	33	
884	novobiocin	-0.204	9	-0.347	---	---	44	
888	vitexin	0	4	-0.346	---	---	0	
891	ethoxyquin	-0.103	5	-0.346	---	---	40	
415	colecalciferol	-0.305	4	-0.345	0.61891	0.538	50	
416	etofenamate	-0.18	4	-0.345	0.61891	0.7121	50	
490	AH-6809	-0.282	2	-0.345	0.92777	0.9553	50	
892	bromocriptine	-0.098	5	-0.345	---	---	20	
894	verapamil	-0.094	6	-0.345	---	---	16	
896	Prestwick-664	-0.194	6	-0.344	---	---	33	
208	dexamethasone	-0.146	8	-0.343	0.24388	0.2555	50	
898	methapyrilene	-0.107	4	-0.343	---	---	25	
492	docosahexaenoic acid ethyl ester	-0.057	2	-0.342	0.93201	0.9407	50	
899	fenoterol	-0.158	3	-0.342	---	---	33	
421	chlorambucil	-0.145	4	-0.341	0.63562	0.6558	50	
901	oxybenzone	0	4	-0.341	---	---	0	
903	nadolol	0.182	4	-0.341	---	---	0	
905	estropipate	-0.137	4	-0.341	---	---	25	
906	felbinac	0.147	4	-0.34	---	---	0	
423	propofol	-0.253	4	-0.339	0.6401	0.6037	50	
912	carbachol	-0.15	4	-0.339	---	---	25	
917	hesperidin	0	4	-0.338	---	---	0	
426	desoxycortone	-0.191	4	-0.337	0.6467	0.698	50	
372	ranitidine	-0.297	5	-0.336	0.52362	0.6614	60	
922	roxithromycin	-0.177	4	-0.336	---	---	25	
923	tropicamide	-0.157	6	-0.336	---	---	33	
924	suprofen	-0.109	4	-0.335	---	---	25	
925	milrinone	-0.166	3	-0.335	---	---	33	
926	canadine	0.162	4	-0.335	---	---	0	
927	rosiglitazone	-0.094	14	-0.334	---	---	35	
928	PF-00539745-00	0.229	3	-0.334	---	---	0	
929	vancomycin	0.176	4	-0.334	---	---	0	
430	pentetrazol	-0.058	4	-0.333	0.66047	0.6766	50	
432	berberine	-0.33	4	-0.332	0.66598	0.7791	50	
936	abamectin	0	4	-0.332	---	---	0	
940	2-aminobenzenesulfonamide	0.012	4	-0.332	---	---	25	
943	Prestwick-1083	-0.09	3	-0.331	---	---	33	
944	gallamine triethiodide	-0.129	5	-0.33	---	---	40	
946	sulfamonomethoxine	0.071	4	-0.33	---	---	25	
948	tomatidine	0	4	-0.33	---	---	0	
950	rottlerin	-0.183	3	-0.33	---	---	33	
951	Prestwick-642	0.144	4	-0.33	---	---	0	
434	progesterone	-0.294	4	-0.329	0.67479	0.651	50	
954	trazodone	-0.279	3	-0.329	---	---	33	
955	doxepin	-0.145	3	-0.329	---	---	33	
957	fipexide	-0.187	3	-0.329	---	---	33	
958	sulindac	-0.195	7	-0.328	---	---	42	
435	telenzepine	-0.291	4	-0.327	0.68247	0.6207	50	
436	natamycin	-0.328	4	-0.326	0.68406	0.8579	50	
437	C-75	-0.133	4	-0.326	0.68448	0.6953	50	
438	bupivacaine	-0.152	4	-0.326	0.68515	0.5926	50	
961	biotin	-0.27	3	-0.326	---	---	33	
962	nifuroxazide	-0.181	4	-0.326	---	---	25	
963	daunorubicin	-0.144	4	-0.326	---	---	25	
439	primaquine	-0.085	4	-0.325	0.68828	0.7037	50	
964	ceforanide	-0.007	4	-0.325	---	---	25	
965	reserpine	-0.268	3	-0.325	---	---	33	
967	hydroflumethiazide	-0.056	5	-0.325	---	---	40	
441	clorgiline	-0.127	4	-0.324	0.69058	0.672	50	
968	pargyline	-0.19	4	-0.324	---	---	25	
442	chlorphenesin	-0.302	4	-0.323	0.69687	0.801	50	
971	pentamidine	-0.26	5	-0.323	---	---	40	
974	allantoin	-0.118	5	-0.322	---	---	40	
975	pheniramine	0.022	5	-0.322	---	---	20	
497	5224221	-0.271	2	-0.321	0.95906	0.9699	50	
976	caffeic acid	-0.235	3	-0.321	---	---	33	
977	parthenolide	-0.171	4	-0.321	---	---	25	
980	folic acid	0.079	4	-0.321	---	---	25	
445	troleandomycin	-0.297	4	-0.32	0.70489	0.774	50	
447	ampicillin	-0.149	4	-0.319	0.70827	0.6604	50	
448	bupropion	-0.1	4	-0.319	0.70889	0.8177	50	
983	tiratricol	0	4	-0.319	---	---	0	
449	noscapine	-0.083	4	-0.318	0.71097	0.6087	50	
984	dehydrocholic acid	0	5	-0.318	---	---	0	
986	demecarium bromide	0.017	4	-0.318	---	---	25	
452	N-acetylmuramic acid	-0.134	4	-0.317	0.71489	0.7397	50	
990	indoprofen	0.01	4	-0.316	---	---	25	
454	metacycline	-0.29	4	-0.315	0.72229	0.8653	50	
993	ketoprofen	-0.187	6	-0.315	---	---	33	
994	naftopidil	-0.097	3	-0.314	---	---	33	
455	vinpocetine	-0.289	4	-0.313	0.72653	0.7937	50	
456	8-azaguanine	-0.314	4	-0.313	0.72715	0.8811	50	
458	diflorasone	-0.142	4	-0.313	0.72826	0.7081	50	
459	naftidrofuryl	-0.291	4	-0.313	0.72826	0.6144	50	
996	0179445-0000	-0.113	8	-0.313	---	---	37	
999	dihydroergotamine	-0.118	5	-0.313	---	---	40	
461	amoxicillin	-0.293	4	-0.311	0.73377	0.8722	50	
1000	tolazoline	-0.098	5	-0.311	---	---	20	
1003	isopropamide iodide	-0.143	4	-0.31	---	---	25	
1008	alexidine	-0.185	4	-0.309	---	---	25	
463	dosulepin	-0.101	4	-0.308	0.7432	0.7521	50	
1009	butyl hydroxybenzoate	-0.14	5	-0.308	---	---	20	
1010	sulfachlorpyridazine	-0.245	5	-0.308	---	---	40	
1012	mefloquine	-0.241	5	-0.307	---	---	40	
1014	ondansetron	0.058	4	-0.307	---	---	25	
1015	alpha-ergocryptine	-0.185	6	-0.307	---	---	33	
1016	tetroquinone	-0.144	4	-0.307	---	---	25	
1017	alpha-estradiol	-0.266	16	-0.306	---	---	43	
1019	bretylium tosilate	0.036	4	-0.306	---	---	25	
1020	dantrolene	-0.036	6	-0.306	---	---	16	
1021	niflumic acid	-0.131	4	-0.306	---	---	25	
1022	ribostamycin	-0.15	4	-0.306	---	---	25	
464	N-acetyl-L-leucine	-0.221	4	-0.305	0.75343	0.8833	50	
1024	oxaprozin	-0.072	6	-0.305	---	---	16	
1025	salsolinol	-0.208	3	-0.305	---	---	33	
1026	lomefloxacin	-0.11	6	-0.304	---	---	16	
382	metoclopramide	-0.214	6	-0.303	0.54432	0.4253	50	
466	cefepime	-0.083	4	-0.303	0.7586	0.7643	50	
467	imipenem	-0.333	4	-0.302	0.76107	0.895	50	
1031	nitrendipine	-0.113	5	-0.302	---	---	40	
1032	ethionamide	-0.185	3	-0.301	---	---	33	
1033	metamizole sodium	-0.177	6	-0.301	---	---	33	
468	ursolic acid	-0.176	4	-0.3	0.77012	0.8248	50	
1035	pramocaine	0.014	5	-0.3	---	---	20	
389	indapamide	-0.121	6	-0.299	0.56074	0.5852	50	
469	luteolin	-0.287	4	-0.299	0.77063	0.96	50	
1039	etiocholanolone	0.155	6	-0.299	---	---	16	
1040	fenofibrate	-0.066	3	-0.299	---	---	33	
1041	miconazole	-0.092	5	-0.299	---	---	20	
1042	moxisylyte	-0.107	5	-0.299	---	---	40	
393	famprofazone	-0.275	6	-0.298	0.56724	0.7701	50	
1045	buflomedil	-0.114	4	-0.298	---	---	25	
1050	PF-01378883-00	0.026	4	-0.296	---	---	25	
1055	rofecoxib	-0.002	6	-0.295	---	---	16	
1057	edrophonium chloride	-0.174	5	-0.294	---	---	40	
1058	streptomycin	-0.164	4	-0.294	---	---	25	
1059	acetylsalicylic acid	-0.155	13	-0.294	---	---	23	
471	lymecycline	-0.37	4	-0.293	0.79079	0.8895	50	
1063	ciclosporin	-0.123	6	-0.293	---	---	33	
1065	hexylcaine	0	4	-0.293	---	---	0	
472	pimozide	-0.177	4	-0.292	0.79415	0.9027	50	
1072	amprolium	-0.141	5	-0.291	---	---	40	
1073	(+/-)-catechin	-0.113	4	-0.289	---	---	25	
1074	phenazone	-0.167	3	-0.289	---	---	33	
473	triprolidine	-0.141	4	-0.287	0.81008	0.8302	50	
1078	phenoxybenzamine	-0.116	4	-0.287	---	---	25	
1080	fusaric acid	-0.148	4	-0.287	---	---	25	
1081	clonidine	0.067	4	-0.286	---	---	25	
1084	chloroquine	-0.168	4	-0.286	---	---	25	
1085	flutamide	-0.203	5	-0.285	---	---	40	
1086	thapsigargin	0.22	3	-0.285	---	---	0	
1087	glycopyrronium bromide	-0.123	5	-0.285	---	---	20	
474	procyclidine	-0.124	4	-0.284	0.81718	0.7988	50	
1088	Prestwick-1100	-0.135	4	-0.284	---	---	25	
1090	astemizole	-0.096	5	-0.284	---	---	20	
419	0173570-0000	-0.135	6	-0.283	0.62836	0.8613	50	
1093	noretynodrel	-0.114	4	-0.282	---	---	25	
1094	BCB000038	-0.139	4	-0.282	---	---	25	
1096	fendiline	-0.012	3	-0.282	---	---	33	
498	5252917	-0.248	2	-0.281	0.99258	1	50	
1097	solanine	-0.194	4	-0.281	---	---	25	
475	prasterone	-0.101	4	-0.28	0.82932	0.824	50	
1098	tiapride	-0.084	5	-0.28	---	---	40	
1100	metanephrine	-0.153	5	-0.28	---	---	40	
1101	liothyronine	-0.201	4	-0.28	---	---	25	
1102	roxarsone	-0.219	4	-0.279	---	---	25	
476	L-methionine sulfoximine	-0.102	4	-0.278	0.83373	0.8343	50	
1103	eldeline	-0.178	6	-0.277	---	---	33	
1105	gossypol	-0.006	6	-0.277	---	---	33	
429	hydralazine	-0.186	6	-0.276	0.65967	0.6455	50	
477	hydrastine hydrochloride	-0.259	4	-0.275	0.84368	0.8629	50	
1110	butamben	-0.017	4	-0.275	---	---	25	
1111	vincamine	0.113	6	-0.275	---	---	16	
1112	carbarsone	-0.045	4	-0.275	---	---	25	
1114	suloctidil	-0.062	4	-0.274	---	---	25	
1117	rotenone	-0.033	4	-0.274	---	---	25	
1118	benzamil	0.028	6	-0.273	---	---	16	
1119	clebopride	0.117	4	-0.273	---	---	25	
1120	mestranol	-0.037	4	-0.272	---	---	25	
479	thiocolchicoside	-0.295	4	-0.271	0.85488	0.9512	50	
1121	monocrotaline	-0.16	4	-0.271	---	---	25	
1124	sulfamethizole	-0.026	4	-0.271	---	---	25	
371	indometacin	-0.182	8	-0.27	0.52321	0.5326	50	
1127	lorglumide	-0.242	5	-0.27	---	---	40	
1128	suxibuzone	-0.16	4	-0.269	---	---	25	
1129	spiramycin	-0.188	6	-0.268	---	---	33	
1130	fusidic acid	0.045	4	-0.267	---	---	25	
1131	chlorpropamide	-0.054	6	-0.267	---	---	16	
1134	nalbuphine	-0.158	5	-0.266	---	---	20	
1136	difenidol	-0.21	3	-0.266	---	---	33	
1137	flumequine	-0.14	4	-0.266	---	---	25	
1138	nifedipine	-0.165	7	-0.266	---	---	42	
1139	naloxone	-0.206	6	-0.265	---	---	33	
1141	metitepine	-0.023	4	-0.265	---	---	25	
480	nimesulide	-0.256	4	-0.263	0.8771	0.8839	50	
481	coralyne	-0.056	4	-0.263	0.87734	0.8591	50	
1146	sulfamerazine	-0.009	5	-0.262	---	---	20	
1147	bethanechol	0.074	4	-0.261	---	---	25	
1149	troglitazone	-0.14	16	-0.261	---	---	31	
483	dorzolamide	-0.12	4	-0.26	0.88339	0.8836	50	
1150	bephenium hydroxynaphthoate	-0.221	5	-0.26	---	---	40	
1153	S-propranolol	-0.17	4	-0.26	---	---	25	
1155	skimmianine	-0.193	4	-0.259	---	---	25	
1163	succinylsulfathiazole	-0.144	4	-0.255	---	---	25	
484	bicuculline	-0.203	4	-0.253	0.90155	0.904	50	
1164	piracetam	0.046	4	-0.253	---	---	25	
485	perhexiline	-0.119	4	-0.252	0.90272	0.9496	50	
1166	mephenesin	-0.095	5	-0.252	---	---	40	
1168	Prestwick-857	0.045	4	-0.252	---	---	25	
1171	salbutamol	-0.113	5	-0.251	---	---	40	
487	levothyroxine sodium	-0.088	4	-0.249	0.90967	0.9212	50	
1174	cefsulodin	-0.154	4	-0.249	---	---	25	
1177	dobutamine	0.015	4	-0.248	---	---	25	
1179	rimexolone	-0.215	4	-0.248	---	---	25	
1180	minaprine	-0.09	5	-0.248	---	---	40	
1181	hymecromone	0.032	4	-0.247	---	---	25	
1182	cyclizine	-0.006	4	-0.246	---	---	25	
1184	naftifine	-0.092	4	-0.246	---	---	25	
1186	drofenine	-0.02	4	-0.245	---	---	25	
1189	tocainide	-0.129	4	-0.244	---	---	25	
1191	lynestrenol	0.045	5	-0.243	---	---	20	
1193	metronidazole	0.06	5	-0.242	---	---	20	
491	amodiaquine	-0.252	4	-0.241	0.93075	0.9605	50	
1197	physostigmine	-0.124	4	-0.241	---	---	25	
493	orciprenaline	-0.127	4	-0.24	0.93419	0.9	50	
1198	cotinine	-0.117	6	-0.24	---	---	33	
1199	stachydrine	-0.144	4	-0.239	---	---	25	
1200	F0447-0125	-0.054	4	-0.239	---	---	25	
1201	clindamycin	-0.208	5	-0.239	---	---	40	
1202	niclosamide	-0.252	5	-0.238	---	---	40	
1209	sulfafurazole	-0.23	5	-0.235	---	---	40	
494	(-)-MK-801	-0.223	4	-0.234	0.94615	0.9568	50	
1212	tobramycin	-0.149	4	-0.233	---	---	25	
1213	lincomycin	0.03	3	-0.232	---	---	33	
496	oxantel	-0.11	4	-0.231	0.95212	0.9464	50	
1215	sulfaguanidine	-0.114	5	-0.231	---	---	40	
478	flufenamic acid	-0.238	6	-0.23	0.84452	0.9371	50	
1217	hydroxyachillin	-0.036	4	-0.228	---	---	25	
1218	domperidone	-0.063	4	-0.228	---	---	25	
1224	quinisocaine	-0.068	4	-0.225	---	---	25	
1225	pyrantel	-0.207	5	-0.224	---	---	40	
1229	prochlorperazine	-0.174	16	-0.223	---	---	31	
1230	colforsin	-0.166	5	-0.222	---	---	20	
1235	dilazep	-0.131	5	-0.219	---	---	20	
1236	homatropine	0.037	5	-0.219	---	---	20	
1237	benperidol	-0.033	4	-0.218	---	---	25	
1238	metergoline	-0.018	4	-0.218	---	---	25	
1239	terguride	-0.084	8	-0.217	---	---	25	
1243	melatonin	-0.037	4	-0.216	---	---	25	
1244	thioproperazine	0.021	5	-0.215	---	---	20	
1246	acetazolamide	-0.166	4	-0.214	---	---	25	
1253	sulfinpyrazone	-0.025	4	-0.209	---	---	25	
1257	kawain	-0.111	5	-0.207	---	---	20	
1259	Prestwick-984	-0.162	4	-0.206	---	---	25	
1261	tranylcypromine	-0.089	5	-0.206	---	---	40	
1264	bendroflumethiazide	-0.198	6	-0.202	---	---	33	
1265	chlorpromazine	-0.191	19	-0.201	---	---	42	
1267	homochlorcyclizine	0.017	4	-0.201	---	---	25	
1268	hexamethonium bromide	-0.112	5	-0.201	---	---	20	
1270	captopril	-0.064	5	-0.2	---	---	20	
1272	minoxidil	0.029	5	-0.199	---	---	20	
1274	neomycin	-0.092	5	-0.198	---	---	40	
1275	SB-203580	-0.018	5	-0.198	---	---	20	
1279	dipyridamole	-0.135	6	-0.196	---	---	33	
1281	dexibuprofen	-0.04	4	-0.195	---	---	25	
1282	aminophenazone	-0.097	5	-0.194	---	---	40	
1284	geldanamycin	-0.181	15	-0.194	---	---	40	
1285	epivincamine	-0.032	4	-0.193	---	---	25	
1289	nilutamide	0.006	4	-0.187	---	---	25	
1291	sulfamethoxazole	-0.02	5	-0.182	---	---	20	
1292	thalidomide	-0.09	7	-0.182	---	---	28	
1293	tamoxifen	-0.15	7	-0.179	---	---	42	
1298	haloperidol	-0.022	32	-0.166	---	---	28	
1306	LY-294002	-0.093	61	-0.125	---	---	24	
1309	valproic acid	-0.026	57	0.055	---	---	22	
1308	tanespimycin	-0.093	62	0.12	---	---	11	
1307	monorden	-0.054	22	0.123	---	---	9	
1305	fulvestrant	0.014	40	0.134	---	---	27	
1302	tinidazole	-0.067	6	0.139	---	---	16	
1303	sirolimus	-0.008	44	0.139	---	---	22	
1304	fluphenazine	-0.009	18	0.139	---	---	16	
1301	estradiol	0.102	37	0.155	---	---	32	
1300	flecainide	0.013	6	0.158	---	---	33	
1299	clenbuterol	-0.069	5	0.16	---	---	20	
1297	tolbutamide	-0.081	7	0.168	---	---	14	
1296	bucladesine	0.097	6	0.171	---	---	33	
1294	ivermectin	-0.017	5	0.176	---	---	20	
1295	isotretinoin	0.017	4	0.176	---	---	25	
1290	prazosin	0.092	6	0.185	---	---	33	
1288	heliotrine	-0.103	6	0.188	---	---	16	
1287	etynodiol	0.007	4	0.19	---	---	25	
1286	zuclopenthixol	0.019	4	0.191	---	---	25	
1283	digoxigenin	0.015	5	0.194	---	---	20	
1280	pepstatin	0.036	4	0.195	---	---	25	
1276	quercetin	-0.066	6	0.197	---	---	16	
1277	orlistat	-0.028	5	0.197	---	---	20	
1278	5194442	-0.022	4	0.197	---	---	25	
1273	alfuzosin	0.021	5	0.198	---	---	20	
1269	gibberellic acid	0.01	4	0.2	---	---	25	
1271	methoxamine	-0.008	4	0.2	---	---	25	
1266	oxolinic acid	-0.084	5	0.201	---	---	20	
1262	valdecoxib	-0.035	3	0.202	---	---	33	
1263	clobetasol	0	3	0.202	---	---	33	
1260	SC-19220	0.03	4	0.206	---	---	25	
1256	probucol	-0.041	6	0.207	---	---	16	
1258	perphenazine	0.071	5	0.207	---	---	40	
1255	wortmannin	0.131	18	0.208	---	---	38	
1254	benserazide	0.051	5	0.209	---	---	40	
1250	practolol	-0.004	4	0.211	---	---	25	
1251	asiaticoside	-0.001	4	0.211	---	---	25	
1252	dydrogesterone	-0.042	4	0.211	---	---	25	
1249	spectinomycin	0.006	4	0.212	---	---	25	
1247	harmalol	0.015	3	0.213	---	---	33	
1248	sodium phenylbutyrate	0.092	7	0.213	---	---	28	
1245	felodipine	-0.141	7	0.215	---	---	14	
1241	pempidine	-0.123	5	0.216	---	---	0	
1242	diethylstilbestrol	0.026	6	0.216	---	---	33	
1240	methyldopa	-0.002	5	0.217	---	---	20	
1234	zimeldine	-0.156	5	0.22	---	---	0	
1233	tridihexethyl	0.028	4	0.221	---	---	25	
1231	sulfametoxydiazine	-0.156	4	0.222	---	---	0	
1232	azathioprine	-0.048	7	0.222	---	---	28	
1227	epiandrosterone	-0.006	4	0.223	---	---	25	
1228	norfloxacin	-0.078	5	0.223	---	---	20	
1226	puromycin	0.034	4	0.224	---	---	25	
1222	phensuximide	0.041	4	0.225	---	---	25	
1223	furaltadone	-0.091	6	0.225	---	---	16	
1221	apomorphine	-0.043	5	0.226	---	---	40	
1220	hydrastinine	0.096	5	0.227	---	---	40	
1219	retrorsine	0.034	4	0.228	---	---	25	
1216	oxymetazoline	0.007	4	0.229	---	---	25	
1214	clozapine	0.128	17	0.231	---	---	41	
1211	methylbenzethonium chloride	0	6	0.234	---	---	16	
1207	tetraethylenepentamine	-0.111	6	0.235	---	---	16	
1208	genistein	0.102	17	0.235	---	---	41	
1210	trifluoperazine	0.02	16	0.235	---	---	18	
1204	dinoprost	-0.05	4	0.237	---	---	25	
1205	vinburnine	0.026	4	0.237	---	---	25	
1206	adipiodone	0.05	4	0.237	---	---	25	
1203	butacaine	0.063	4	0.238	---	---	25	
1194	phenindione	-0.153	4	0.242	---	---	0	
1195	raubasine	-0.066	4	0.242	---	---	25	
1196	monastrol	0.032	8	0.242	---	---	25	
1190	protoveratrine A	0.016	4	0.243	---	---	25	
1192	kanamycin	-0.031	4	0.243	---	---	25	
1187	chlorcyclizine	0.072	6	0.244	---	---	33	
1188	oxyphenbutazone	0.011	4	0.244	---	---	25	
1183	lycorine	-0.002	5	0.246	---	---	40	
1185	foliosidine	0.02	6	0.246	---	---	33	
1178	CP-944629	0.041	4	0.248	---	---	25	
1173	trimethoprim	-0.027	5	0.249	---	---	20	
1175	pentetic acid	-0.015	5	0.249	---	---	40	
1176	paromomycin	-0.053	4	0.249	---	---	25	
1170	raloxifene	-0.053	7	0.251	---	---	14	
1172	finasteride	-0.053	6	0.251	---	---	16	
1167	mepyramine	0.077	4	0.252	---	---	25	
1169	guanethidine	0.024	3	0.252	---	---	33	
1165	glipizide	0.004	5	0.253	---	---	20	
1161	pyrimethamine	0.09	5	0.255	---	---	40	
1162	diazoxide	-0.087	5	0.255	---	---	0	
1159	3-hydroxy-DL-kynurenine	0.072	6	0.257	---	---	33	
1160	naproxen	0.044	9	0.257	---	---	33	
1158	tiaprofenic acid	0.058	4	0.258	---	---	25	
1156	0317956-0000	0.15	8	0.259	---	---	37	
1157	pioglitazone	0.079	11	0.259	---	---	18	
1151	glycocholic acid	0.017	4	0.26	---	---	25	
1152	betonicine	0.154	6	0.26	---	---	33	
1154	iobenguane	-0.129	4	0.26	---	---	0	
1148	fluspirilene	-0.285	4	0.261	---	---	0	
1145	palmatine	-0.144	4	0.263	---	---	0	
1143	trifluridine	0.08	4	0.264	---	---	25	
1144	vigabatrin	0.066	3	0.264	---	---	33	
1140	homosalate	0.04	4	0.265	---	---	25	
1142	sulfaphenazole	-0.054	4	0.265	---	---	25	
1135	cetirizine	-0.157	4	0.266	---	---	0	
1132	thiamazole	0.03	6	0.267	---	---	33	
1133	meptazinol	-0.097	4	0.267	---	---	0	
1125	withaferin A	-0.09	4	0.27	---	---	0	
1126	paclitaxel	0.051	6	0.27	---	---	33	
1122	sulpiride	-0.035	5	0.271	---	---	20	
1123	mephentermine	-0.013	5	0.271	---	---	20	
1113	flurbiprofen	-0.002	5	0.274	---	---	20	
1115	chlorhexidine	0.144	5	0.274	---	---	20	
1116	danazol	0.139	4	0.274	---	---	25	
1109	sulfadimidine	-0.032	6	0.275	---	---	16	
1106	chloramphenicol	-0.013	4	0.276	---	---	25	
1107	fenbufen	0.016	6	0.276	---	---	16	
1108	lansoprazole	0.162	4	0.276	---	---	25	
1104	PHA-00745360	0.18	8	0.277	---	---	37	
1099	dacarbazine	-0.067	4	0.28	---	---	25	
1095	bacampicillin	0.178	4	0.282	---	---	25	
1091	CP-645525-01	-0.165	3	0.283	---	---	0	
1092	carbinoxamine	0.027	4	0.283	---	---	25	
1089	azaperone	-0.011	4	0.284	---	---	25	
1082	diperodon	0.22	3	0.286	---	---	33	
1083	proxyphylline	-0.127	4	0.286	---	---	0	
1077	resveratrol	0.035	9	0.287	---	---	22	
1079	phentolamine	-0.009	7	0.287	---	---	14	
1076	AG-012559	-0.177	3	0.288	---	---	0	
1075	cefotaxime	0.124	5	0.289	---	---	40	
1070	florfenicol	0.02	4	0.291	---	---	25	
1071	deferoxamine	-0.002	8	0.291	---	---	25	
1066	iloprost	0	3	0.292	---	---	0	
1067	cyclopentolate	-0.062	4	0.292	---	---	25	
1068	streptozocin	0.166	4	0.292	---	---	25	
1069	propantheline bromide	0	4	0.292	---	---	0	
1064	netilmicin	0	4	0.293	---	---	0	
1060	Prestwick-674	-0.07	6	0.294	---	---	0	
1061	gemfibrozil	-0.003	5	0.294	---	---	20	
1062	norcyclobenzaprine	-0.015	4	0.294	---	---	25	
1056	corticosterone	0.067	4	0.295	---	---	25	
1049	meprylcaine	0.036	4	0.296	---	---	25	
1051	scopolamine	0.068	4	0.296	---	---	25	
1052	triamterene	0.136	5	0.296	---	---	40	
1053	diphenylpyraline	0.175	6	0.296	---	---	33	
1054	altizide	0.03	4	0.296	---	---	25	
1047	ampyrone	0.256	5	0.297	---	---	40	
1048	rolipram	-0.092	4	0.297	---	---	0	
1043	guanabenz	0.228	5	0.298	---	---	40	
1044	ethisterone	0.177	6	0.298	---	---	33	
1046	dimethadione	-0.029	4	0.298	---	---	25	
1036	(-)-atenolol	-0.141	4	0.3	---	---	0	
1037	dropropizine	0.009	4	0.3	---	---	25	
1038	sulfadiazine	0.121	5	0.3	---	---	20	
1034	zalcitabine	0.081	4	0.301	---	---	25	
1030	monobenzone	0.002	4	0.302	---	---	25	
1027	disulfiram	0	5	0.303	---	---	0	
1028	clopamide	0.157	4	0.303	---	---	25	
1029	iproniazid	0.134	5	0.303	---	---	20	
1023	etilefrine	0.166	4	0.305	---	---	25	
1018	phenylpropanolamine	0.025	4	0.306	---	---	25	
1013	piribedil	-0.074	4	0.307	---	---	25	
462	SR-95531	0.127	4	0.308	0.74115	0.7315	50	
1011	scopolamine N-oxide	-0.013	5	0.308	---	---	20	
363	loperamide	0.195	6	0.309	0.51383	0.6919	50	
1006	betazole	-0.018	5	0.309	---	---	40	
1007	AR-A014418	0.011	3	0.309	---	---	33	
1004	theophylline	-0.008	4	0.31	---	---	25	
1005	acacetin	-0.049	6	0.31	---	---	16	
460	dihydroergocristine	0.076	4	0.311	0.72942	0.8626	50	
1001	hemicholinium	0.126	4	0.311	---	---	25	
1002	nicergoline	-0.091	5	0.311	---	---	20	
457	nimodipine	0.095	4	0.312	0.72753	0.7963	50	
997	etifenin	0.146	4	0.313	---	---	25	
998	carbenoxolone	0.179	4	0.313	---	---	25	
995	medrysone	-0.097	6	0.314	---	---	0	
453	fenbendazole	0.306	4	0.315	0.7182	0.7853	50	
992	N-acetyl-L-aspartic acid	0.161	4	0.315	---	---	25	
989	acemetacin	0.136	4	0.316	---	---	25	
991	hydroxyzine	0.072	5	0.316	---	---	40	
987	tribenoside	0	4	0.317	---	---	0	
988	pirenperone	0.126	5	0.317	---	---	20	
446	ciprofibrate	0.132	4	0.318	0.70789	0.7368	50	
985	econazole	0.16	4	0.318	---	---	25	
982	letrozole	0	4	0.319	---	---	0	
444	oxamniquine	0.099	4	0.32	0.70163	0.5854	50	
981	alvespimycin	0.069	12	0.32	---	---	25	
978	trioxysalen	-0.19	4	0.321	---	---	0	
979	6-benzylaminopurine	0.151	5	0.321	---	---	40	
973	benzylpenicillin	0	4	0.322	---	---	0	
440	oxedrine	0.268	4	0.323	0.68965	0.7541	50	
972	omeprazole	-0.186	4	0.323	---	---	0	
969	serotonin	0.152	5	0.324	---	---	40	
970	carbimazole	0.273	3	0.324	---	---	33	
966	pindolol	0.16	5	0.325	---	---	20	
959	dinoprostone	0.143	4	0.326	---	---	25	
960	cyproheptadine	0.018	5	0.326	---	---	20	
433	metixene	0.08	4	0.328	0.67312	0.8571	50	
953	dihydrostreptomycin	0	5	0.329	---	---	0	
956	Prestwick-682	0.192	4	0.329	---	---	25	
945	griseofulvin	0.04	5	0.33	---	---	20	
947	picrotoxinin	0.003	4	0.33	---	---	25	
949	tracazolate	-0.191	4	0.33	---	---	0	
952	santonin	0.151	4	0.33	---	---	25	
431	propoxycaine	0.144	4	0.331	0.6659	0.6118	50	
942	doxycycline	0.108	5	0.331	---	---	20	
152	metformin	0.257	10	0.332	0.17473	0.205	50	
495	cromoglicic acid	0.027	2	0.332	0.94789	0.9237	50	
937	orphenadrine	0.116	6	0.332	---	---	16	
938	sertaconazole	-0.144	4	0.332	---	---	0	
939	thiamine	0.3	3	0.332	---	---	33	
941	fluticasone	0	4	0.332	---	---	0	
932	phenformin	0.06	7	0.333	---	---	42	
933	procarbazine	0.186	3	0.333	---	---	33	
934	(-)-isoprenaline	0.122	4	0.333	---	---	25	
935	ethambutol	-0.028	5	0.333	---	---	20	
428	thiethylperazine	0.167	4	0.334	0.65348	0.6868	50	
930	"16,16-dimethylprostaglandin E2"	0.198	3	0.334	---	---	33	
931	diethylcarbamazine	-0.057	4	0.334	---	---	25	
425	cinchonine	0.281	4	0.337	0.64302	0.8867	50	
918	mefenamic acid	0.139	5	0.337	---	---	20	
919	hycanthone	0.198	4	0.337	---	---	25	
920	lisuride	0.332	5	0.337	---	---	40	
921	merbromin	0.208	5	0.337	---	---	40	
422	quinpirole	0.308	4	0.338	0.6396	0.8192	50	
424	benzocaine	0.234	4	0.338	0.64155	0.8159	50	
914	lidoflazine	0.158	3	0.338	---	---	33	
915	ramifenazone	0.197	4	0.338	---	---	25	
916	eucatropine	-0.142	6	0.338	---	---	0	
913	co-dergocrine mesilate	0.162	4	0.339	---	---	25	
907	BAS-012416453	0	3	0.34	---	---	0	
908	pyrazinamide	-0.123	4	0.34	---	---	0	
909	demeclocycline	-0.23	6	0.34	---	---	0	
910	flunixin	-0.112	5	0.34	---	---	0	
911	sitosterol	-0.139	4	0.34	---	---	0	
420	arecoline	0.258	4	0.341	0.62925	0.7733	50	
900	debrisoquine	0.112	4	0.341	---	---	25	
902	apramycin	-0.198	4	0.341	---	---	0	
904	guanfacine	-0.123	5	0.341	---	---	20	
418	carteolol	0.167	4	0.342	0.62629	0.7413	50	
417	tiletamine	0.059	4	0.343	0.62349	0.7206	50	
897	ofloxacin	0.177	5	0.343	---	---	20	
414	tetrahydroalstonine	0.14	4	0.344	0.61782	0.6768	50	
895	meclozine	0.012	5	0.344	---	---	20	
413	desipramine	0.167	4	0.345	0.61636	0.8211	50	
893	thioridazine	0.046	20	0.345	---	---	25	
886	scoulerine	0	4	0.346	---	---	0	
887	Trolox C	0.14	4	0.346	---	---	25	
889	etofylline	0.043	5	0.346	---	---	20	
890	Prestwick-981	0.197	3	0.346	---	---	33	
409	bemegride	-0.03	4	0.347	0.60769	0.375	50	
882	acebutolol	0.171	5	0.347	---	---	40	
885	mimosine	0.125	3	0.347	---	---	33	
408	clidinium bromide	0.134	4	0.348	0.60524	0.6644	50	
407	clorsulon	0.322	4	0.349	0.60373	0.807	50	
877	"11-deoxy-16,16-dimethylprostaglandin E2"	0	4	0.35	---	---	0	
489	STOCK1N-35874	0.266	2	0.351	0.91916	0.9627	50	
874	Prestwick-692	0.158	4	0.351	---	---	25	
876	midodrine	0.127	5	0.351	---	---	20	
872	cimetidine	0.029	5	0.352	---	---	20	
401	ciclacillin	0.121	4	0.353	0.58969	0.5564	50	
488	exisulind	0.266	2	0.353	0.91701	0.8986	50	
867	sulmazole	0.253	3	0.356	---	---	33	
868	vinblastine	0	3	0.356	---	---	0	
870	pirinixic acid	0.098	5	0.356	---	---	20	
391	tenoxicam	0.178	4	0.359	0.56512	0.5783	50	
390	cefadroxil	0.142	4	0.36	0.56389	0.4464	50	
855	nomegestrol	0.226	3	0.362	---	---	33	
857	loxapine	0.118	4	0.362	---	---	25	
852	PHA-00767505E	0.155	4	0.364	---	---	25	
381	meglumine	0.025	4	0.366	0.5429	0.4177	50	
850	remoxipride	-0.007	4	0.366	---	---	25	
379	dl-alpha tocopherol	0.168	4	0.367	0.54073	0.3876	50	
848	nefopam	0.061	5	0.367	---	---	20	
255	amitriptyline	0.319	6	0.369	0.30434	0.767	50	
376	meteneprost	0.319	4	0.369	0.53261	0.8533	50	
841	fenspiride	-0.023	5	0.369	---	---	20	
842	pentoxifylline	0.074	5	0.369	---	---	20	
843	cefotetan	0.182	3	0.369	---	---	33	
839	iopamidol	0.164	4	0.37	---	---	25	
840	viomycin	0.159	4	0.37	---	---	25	
838	spiperone	0	2	0.372	---	---	0	
836	aminophylline	-0.184	4	0.373	---	---	0	
364	Prestwick-864	0.141	4	0.374	0.51405	0.3543	50	
365	timolol	0.27	4	0.374	0.51451	0.7584	50	
833	enilconazole	0	4	0.374	---	---	0	
834	beclometasone	-0.025	3	0.374	---	---	33	
243	karakoline	0.342	6	0.375	0.28543	0.4652	50	
360	mefexamide	0.296	4	0.375	0.51141	0.6196	50	
361	sulfacetamide	0.047	4	0.375	0.51191	0.4103	50	
362	aceclofenac	0.139	4	0.375	0.5122	0.3699	50	
830	flunisolide	-0.077	6	0.375	---	---	0	
831	tranexamic acid	0.23	5	0.375	---	---	40	
355	propranolol	0.217	4	0.376	0.50648	0.4318	50	
829	proadifen	0.144	4	0.376	---	---	25	
824	oxetacaine	-0.028	5	0.377	---	---	20	
825	ambroxol	0.109	4	0.377	---	---	25	
826	staurosporine	0	4	0.377	---	---	0	
827	tolmetin	0.072	4	0.377	---	---	25	
348	benzydamine	0.094	4	0.379	0.49894	0.5431	50	
820	piromidic acid	-0.088	4	0.379	---	---	25	
817	dizocilpine	0	5	0.38	---	---	0	
343	Prestwick-1103	0.328	4	0.381	0.48957	0.6957	50	
344	altretamine	0.174	4	0.381	0.49046	0.4516	50	
813	IC-86621	0.002	4	0.381	---	---	25	
811	methanthelinium bromide	0.005	4	0.382	---	---	25	
339	racecadotril	0.176	4	0.383	0.484	0.5385	50	
340	nizatidine	0.162	4	0.383	0.48457	0.5037	50	
806	atropine oxide	0.237	5	0.383	---	---	40	
807	benzathine benzylpenicillin	0.178	4	0.383	---	---	25	
336	chenodeoxycholic acid	0.318	4	0.385	0.47737	0.7802	50	
803	triamcinolone	0.102	5	0.385	---	---	40	
804	sisomicin	0	4	0.385	---	---	0	
799	pyrvinium	-0.112	6	0.386	---	---	16	
800	Prestwick-685	0.025	5	0.386	---	---	20	
801	clomifene	-0.185	4	0.386	---	---	0	
796	carcinine	0.247	4	0.387	---	---	25	
797	mepenzolate bromide	0	5	0.387	---	---	0	
790	mebhydrolin	0.201	4	0.389	---	---	25	
785	probenecid	0.002	4	0.39	---	---	25	
330	fursultiamine	0.118	4	0.391	0.45835	0.2895	50	
331	hexetidine	0.326	4	0.391	0.45835	0.7919	50	
783	methazolamide	-0.16	4	0.391	---	---	0	
779	SB-202190	0.034	5	0.392	---	---	40	
780	antazoline	-0.03	4	0.392	---	---	25	
782	nortriptyline	0	4	0.392	---	---	0	
326	zidovudine	0.328	4	0.393	0.45089	0.4479	50	
776	amiodarone	-0.14	5	0.393	---	---	0	
777	nisoxetine	0.012	4	0.393	---	---	25	
322	naringenin	0.325	4	0.395	0.44719	0.7447	50	
772	valinomycin	0.141	4	0.395	---	---	25	
767	doxylamine	0.093	5	0.396	---	---	40	
768	trichlormethiazide	-0.07	4	0.396	---	---	25	
770	nystatin	0.232	3	0.396	---	---	33	
763	carisoprodol	0.121	4	0.399	---	---	25	
764	ketotifen	0.164	4	0.399	---	---	25	
318	levomepromazine	0.31	4	0.4	0.4307	0.9024	50	
762	brompheniramine	0.198	4	0.4	---	---	25	
758	5155877	0.114	4	0.401	---	---	25	
759	betahistine	-0.176	4	0.401	---	---	0	
313	epitiostanol	0.191	4	0.402	0.42173	0.48	50	
755	MG-262	0	3	0.402	---	---	0	
756	calcium pantothenate	-0.141	4	0.402	---	---	0	
751	trimethylcolchicinic acid	0.08	4	0.404	---	---	25	
752	SR-95639A	0.156	4	0.404	---	---	25	
753	SC-560	0.157	3	0.404	---	---	33	
747	idazoxan	0	4	0.405	---	---	0	
749	pimethixene	0.175	3	0.405	---	---	33	
750	theobromine	0.122	4	0.405	---	---	25	
746	cloxacillin	0	4	0.406	---	---	0	
745	clofazimine	0.228	5	0.407	---	---	40	
305	kaempferol	0.195	4	0.408	0.40198	0.4635	50	
309	amphotericin B	0.194	4	0.408	0.4043	0.4551	50	
743	ozagrel	0.037	4	0.408	---	---	25	
302	mephenytoin	0.338	4	0.412	0.391	0.4911	50	
741	nalidixic acid	-0.035	5	0.412	---	---	20	
739	crotamiton	0	4	0.413	---	---	0	
297	suramin sodium	0.343	4	0.414	0.38372	0.3904	50	
293	3-acetamidocoumarin	0.354	4	0.415	0.38033	0.7152	50	
295	pyrithyldione	0.273	4	0.415	0.38117	0.5824	50	
738	khellin	0.237	5	0.415	---	---	40	
230	ciprofloxacin	0.199	5	0.416	0.27061	0.2326	60	
225	thioperamide	0.338	5	0.417	0.26617	0.6067	60	
290	gabapentin	0.321	4	0.417	0.37522	0.2349	50	
734	cefamandole	0.139	4	0.417	---	---	25	
735	flupentixol	0.028	4	0.417	---	---	25	
730	chlorogenic acid	0.196	4	0.422	---	---	25	
731	iocetamic acid	0.144	4	0.422	---	---	25	
732	pentoxyverine	0	4	0.422	---	---	0	
217	sulfadimethoxine	0.361	5	0.423	0.25307	0.6667	60	
725	pinacidil	0.125	4	0.423	---	---	25	
726	erythromycin	0.113	5	0.423	---	---	20	
724	ramipril	0.179	4	0.424	---	---	25	
278	molsidomine	0.239	4	0.425	0.35433	0.3503	50	
722	kinetin	0.179	4	0.425	---	---	25	
212	piperacillin	0.053	5	0.426	0.24768	0.2595	60	
719	cyanocobalamin	0	4	0.426	---	---	0	
275	15(S)-15-methylprostaglandin E2	0.289	4	0.427	0.34626	0.5367	50	
715	tacrolimus	0.208	3	0.428	---	---	33	
717	furosemide	0.175	4	0.428	---	---	25	
206	acenocoumarol	0.158	5	0.429	0.23947	0.1948	60	
712	antimycin A	-0.105	5	0.429	---	---	0	
707	pyridoxine	0.044	4	0.431	---	---	25	
708	CP-319743	0.19	4	0.431	---	---	25	
709	H-89	0	3	0.431	---	---	0	
710	tretinoin	0.013	22	0.431	---	---	18	
66	methotrexate	0.237	8	0.432	0.07014	0.247	50	
705	ketanserin	0.006	4	0.432	---	---	25	
198	mafenide	0.354	5	0.433	0.23192	0.2621	60	
702	ganciclovir	0	4	0.434	---	---	0	
265	isometheptene	0.306	4	0.436	0.32294	0.485	50	
698	PF-00875133-00	0.206	3	0.437	---	---	33	
692	metoprolol	0.124	4	0.438	---	---	25	
693	aztreonam	0.145	5	0.438	---	---	20	
694	cyproterone	-0.003	4	0.438	---	---	25	
259	alclometasone	0.396	4	0.439	0.31435	0.2595	50	
451	spaglumic acid	0.009	2	0.439	0.71359	0.7222	50	
691	mycophenolic acid	-0.026	3	0.439	---	---	33	
257	vanoxerine	0.265	4	0.44	0.31003	0.4427	50	
688	nomifensine	0.102	5	0.44	---	---	40	
256	myricetin	0.352	4	0.442	0.30655	0.5323	50	
184	hydrochlorothiazide	0.364	5	0.443	0.20957	0.2336	60	
684	butoconazole	0.209	4	0.444	---	---	25	
682	GW-8510	-0.162	4	0.445	---	---	0	
683	0225151-0000	0.042	3	0.445	---	---	33	
247	iohexol	0.336	4	0.447	0.29225	0.5943	50	
251	dicloxacillin	0.146	4	0.447	0.29378	0.255	50	
681	PF-00539758-00	0.165	3	0.447	---	---	33	
679	Prestwick-983	0.264	3	0.448	---	---	33	
680	mometasone	0.119	4	0.448	---	---	25	
48	fludrocortisone	0.231	8	0.449	0.05335	0.3294	62	
174	meclofenamic acid	0.241	5	0.449	0.1986	0.4104	60	
678	dienestrol	0	3	0.449	---	---	0	
241	flucloxacillin	0.273	4	0.45	0.28373	0.2792	50	
242	triflupromazine	0.345	4	0.45	0.28373	0.4592	50	
677	nafcillin	0.038	4	0.45	---	---	25	
675	ipratropium bromide	-0.217	3	0.451	---	---	0	
168	isoxicam	0.354	5	0.452	0.19193	0.5061	60	
236	aconitine	0.27	4	0.453	0.27657	0.2418	50	
674	10-methoxyharmalan	0.173	4	0.453	---	---	25	
235	praziquantel	0.226	4	0.454	0.27538	0.2303	50	
672	syrosingopine	0.015	4	0.454	---	---	25	
673	aminoglutethimide	0	3	0.454	---	---	0	
233	tropine	0.225	4	0.455	0.27409	0.2563	50	
159	thiamphenicol	0.406	5	0.456	0.1845	0.6296	60	
231	CP-863187	0.355	4	0.456	0.27114	0.3239	50	
671	hydrocotarnine	-0.067	4	0.456	---	---	25	
227	Chicago Sky Blue 6B	0.36	4	0.457	0.2672	0.4909	50	
669	0175029-0000	-0.097	6	0.457	---	---	0	
226	propidium iodide	0.336	4	0.458	0.26676	0.2919	50	
668	enoxacin	0.002	4	0.459	---	---	25	
153	biperiden	0.39	5	0.46	0.17661	0.5394	60	
667	Prestwick-559	0	3	0.46	---	---	0	
665	AG-013608	0.113	8	0.462	---	---	25	
666	triflusal	0	3	0.462	---	---	0	
216	iopanoic acid	0.188	4	0.463	0.253	0.1071	50	
219	lobelanidine	0.157	4	0.463	0.25489	0.1678	50	
664	harmaline	0.182	4	0.463	---	---	25	
663	bromperidol	0.225	3	0.464	---	---	33	
215	pilocarpine	0.218	4	0.465	0.24998	0.5283	50	
662	bambuterol	0.153	4	0.465	---	---	25	
213	nitrofural	0.371	4	0.466	0.24816	0.2614	50	
209	ciclopirox	0.369	4	0.468	0.24403	0.715	50	
658	methoxsalen	0.205	3	0.468	---	---	33	
659	riluzole	0.194	5	0.468	---	---	40	
660	sparteine	0.133	4	0.468	---	---	25	
654	quinethazone	0	4	0.469	---	---	0	
655	xylometazoline	0	4	0.469	---	---	0	
656	amoxapine	-0.035	5	0.469	---	---	20	
657	benfluorex	-0.069	4	0.469	---	---	25	
205	decamethonium bromide	0.037	4	0.47	0.23899	0.1748	50	
653	halcinonide	-0.101	5	0.471	---	---	0	
199	sulfanilamide	0.12	4	0.472	0.23338	0.1894	50	
202	lysergol	0.258	4	0.472	0.235	0.242	50	
651	fluvastatin	0.132	4	0.472	---	---	25	
649	latamoxef	0	3	0.473	---	---	0	
304	lumicolchicine	0.173	3	0.474	0.395	0.3261	66	
647	isoetarine	0	4	0.474	---	---	0	
646	trimipramine	0.158	4	0.475	---	---	25	
645	trichostatin A	0.197	182	0.476	---	---	32	
192	harman	0.335	4	0.477	0.22348	0.1591	50	
299	ikarugamycin	0.319	3	0.477	0.38667	0.7167	66	
191	octopamine	0.217	4	0.478	0.2223	0.1977	50	
644	pentolonium	0.112	5	0.478	---	---	40	
124	moroxydine	0.376	5	0.481	0.13926	0.1862	60	
642	tremorine	-0.003	4	0.481	---	---	25	
643	benzthiazide	0	4	0.481	---	---	0	
288	ioxaglic acid	0.022	3	0.482	0.37351	0.3443	66	
641	nitrofurantoin	0.128	5	0.482	---	---	20	
640	idoxuridine	0.31	5	0.483	---	---	40	
638	ornidazole	0.108	5	0.484	---	---	20	
633	naphazoline	0.103	5	0.486	---	---	40	
631	imidurea	0	3	0.488	---	---	0	
110	diprophylline	0.439	5	0.489	0.12713	0.1739	60	
630	metaraminol	0.177	4	0.489	---	---	25	
629	vorinostat	0.095	12	0.49	---	---	25	
628	harmol	0	4	0.492	---	---	25	
627	ticlopidine	0.094	5	0.494	---	---	40	
166	isosorbide	0.263	4	0.495	0.19079	0.1564	50	
162	erastin	0.25	4	0.496	0.18914	0.2753	50	
161	lovastatin	0.154	4	0.498	0.18618	0.3934	50	
625	atropine methonitrate	0.216	3	0.498	---	---	33	
624	niridazole	0.033	4	0.5	---	---	25	
623	imipramine	-0.008	4	0.502	---	---	25	
149	metrizamide	0.285	4	0.505	0.17404	0.3562	50	
150	etoposide	0.363	4	0.505	0.17422	0.4154	50	
619	benfotiamine	0	5	0.506	---	---	0	
260	tetracaine	0.443	3	0.507	0.3147	0.4059	66	
262	Prestwick-972	0.211	3	0.507	0.31648	0.2994	66	
618	simvastatin	0.042	4	0.507	---	---	25	
617	(-)-catechin	0	1	0.508	---	---	0	
615	PF-00562151-00	0.238	8	0.51	---	---	37	
612	meclofenoxate	0.095	6	0.514	---	---	16	
613	urapidil	0.142	4	0.514	---	---	25	
609	citiolone	0.074	6	0.516	---	---	16	
608	pivampicillin	0	4	0.519	---	---	0	
133	hecogenin	0.335	4	0.52	0.15214	0.1221	50	
607	levcycloserine	0	4	0.52	---	---	0	
327	imatinib	0.325	2	0.524	0.45151	0.6235	50	
78	dapsone	0.422	5	0.525	0.08389	0.2541	60	
606	"4,5-dianilinophthalimide"	0	2	0.525	---	---	0	
605	gliclazide	0	4	0.528	---	---	0	
604	prednisolone	0.195	5	0.529	---	---	40	
224	trihexyphenidyl	0.376	3	0.53	0.26476	0.6816	66	
602	STOCK1N-28457	0.188	3	0.53	---	---	33	
603	fludroxycortide	0	5	0.53	---	---	0	
222	betulin	0.417	3	0.532	0.26092	0.2405	66	
223	mevalolactone	0.376	3	0.532	0.26184	0.0876	66	
601	hydrocortisone	0	3	0.534	---	---	0	
68	isoxsuprine	0.211	5	0.537	0.07197	0.0482	60	
112	nifurtimox	0.275	4	0.537	0.12986	0.1019	50	
599	pronetalol	0.149	4	0.539	---	---	25	
210	bacitracin	0.227	3	0.54	0.24467	0.2789	66	
315	5253409	0.303	2	0.54	0.42244	0.4308	50	
207	azapropazone	0.392	3	0.541	0.24281	0.2303	66	
105	0316684-0000	0.287	4	0.543	0.12198	0.0897	50	
597	5152487	0	1	0.546	---	---	0	
596	mianserin	0	5	0.547	---	---	0	
594	MK-886	0	2	0.548	---	---	0	
307	clofibrate	0.187	2	0.551	0.40326	0.3939	50	
190	ifosfamide	0.249	3	0.552	0.22146	0.1293	66	
591	fluocinonide	0	5	0.554	---	---	0	
97	labetalol	0.221	4	0.555	0.10832	0.0867	50	
93	gabexate	0.469	4	0.556	0.10661	0.1962	75	
87	zardaverine	0.209	4	0.558	0.10468	0.1087	75	
181	clemastine	0.426	3	0.561	0.20519	0.4197	66	
177	trapidil	0.322	3	0.562	0.20277	0.3133	66	
581	tonzonium bromide	0	4	0.566	---	---	0	
167	Prestwick-1082	0.481	3	0.568	0.19145	0.5158	66	
578	mitoxantrone	0	3	0.569	---	---	0	
576	mecamylamine	0.176	3	0.572	---	---	33	
81	podophyllotoxin	0.45	4	0.573	0.09021	0.5143	75	
156	Gly-His-Lys	0.458	3	0.575	0.17995	0.4775	66	
574	dexpropranolol	0	3	0.575	---	---	0	
573	NS-398	0.165	3	0.579	---	---	33	
21	lithocholic acid	0.378	6	0.58	0.01943	0.0058	66	
77	furazolidone	0.416	4	0.58	0.08319	0.1936	75	
571	NU-1025	0	2	0.581	---	---	0	
74	meclocycline	0.313	4	0.586	0.0782	0.1278	50	
568	clioquinol	0.109	5	0.586	---	---	20	
71	amantadine	0.349	4	0.589	0.07569	0.195	75	
566	harmine	0	4	0.589	---	---	0	
69	rifampicin	0.274	4	0.591	0.0736	0.1454	75	
565	vidarabine	0.162	4	0.594	---	---	25	
564	salsolidin	0.151	4	0.595	---	---	25	
65	cyclobenzaprine	0.455	4	0.596	0.06996	0.224	75	
562	thioguanosine	0	4	0.597	---	---	0	
61	acetohexamide	0.324	4	0.599	0.06766	0.0175	75	
60	pergolide	0.443	4	0.6	0.06702	0.1073	75	
33	metampicillin	0.257	5	0.604	0.02988	0.1149	60	
56	iopromide	0.387	4	0.604	0.0636	0.0625	75	
57	oxolamine	0.25	4	0.604	0.06419	0.1813	50	
560	PHA-00665752	0	1	0.607	---	---	0	
111	PNU-0293363	0.275	3	0.61	0.12838	0.1321	66	
558	aminocaproic acid	0.249	3	0.613	---	---	33	
50	gentamicin	0.502	4	0.616	0.05566	0.2438	75	
249	mepacrine	0.288	2	0.618	0.29307	0.3177	50	
49	pheneticillin	0.473	4	0.619	0.05365	0.1761	75	
556	artemisinin	0	3	0.621	---	---	0	
555	mesoridazine	0.109	4	0.622	---	---	25	
240	depudecin	0.302	2	0.624	0.28301	0.2125	50	
554	alsterpaullone	0	3	0.627	---	---	0	
88	iodixanol	0.486	3	0.63	0.10476	0.0864	66	
42	leflunomide	0.455	4	0.634	0.04444	0.0848	75	
550	clofilium tosylate	0.253	3	0.636	---	---	33	
39	ribavirin	0.522	4	0.641	0.04044	0.0875	75	
83	isoflupredone	0.531	3	0.645	0.09188	0.4948	66	
14	diphenhydramine	0.534	5	0.654	0.0136	0.0622	80	
546	rifabutin	0	3	0.657	---	---	0	
200	quinostatin	0.341	2	0.659	0.23341	0.4917	50	
544	cefoperazone	0.192	3	0.66	---	---	33	
545	H-7	0	4	0.66	---	---	0	
34	cefaclor	0.304	4	0.661	0.02994	0.0208	75	
543	demecolcine	0	1	0.661	---	---	0	
32	levopropoxyphene	0.517	4	0.662	0.02982	0.0252	75	
542	tyrphostin AG-825	0	1	0.668	---	---	0	
26	lactobionic acid	0.344	4	0.677	0.02373	0.0074	50	
8	monensin	0.501	6	0.679	0.00298	0.1005	83	
541	ethosuximide	0.139	4	0.684	---	---	25	
540	CAY-10397	0.202	3	0.685	---	---	33	
537	N-phenylanthranilic acid	0	1	0.687	---	---	0	
538	doxorubicin	0	3	0.687	---	---	0	
535	azacitidine	0	3	0.698	---	---	0	
16	methyldopate	0.556	4	0.7	0.01669	0.0171	75	
17	lasalocid	0.546	4	0.7	0.01677	0.1177	75	
533	5255229	0	2	0.7	---	---	0	
534	camptothecin	0	3	0.7	---	---	0	
47	irinotecan	0.402	3	0.701	0.05232	0.3318	66	
45	halofantrine	0.49	3	0.703	0.05096	0.069	66	
532	ceftazidime	0.183	3	0.707	---	---	33	
530	alfadolone	0.21	3	0.711	---	---	33	
529	prednicarbate	0.227	3	0.716	---	---	33	
527	cytochalasin B	0	1	0.73	---	---	0	
526	5109870	0	1	0.752	---	---	0	
525	MS-275	0	2	0.753	---	---	0	
524	scriptaid	0.237	3	0.754	---	---	33	
522	5114445	0	1	0.764	---	---	0	
11	sulfapyridine	0.266	4	0.786	0.00408	0	50	
80	5211181	0.31	2	0.791	0.08825	0.0904	50	
15	tolazamide	0.482	3	0.802	0.01584	0.017	66	
72	TTNPB	0.454	2	0.806	0.07601	0.0621	100	
515	oxamic acid	0.399	1	0.809	---	---	100	
7	cyclic adenosine monophosphate	0.594	4	0.813	0.00237	0.0127	100	
514	splitomicin	0.43	1	0.813	---	---	100	
513	phenanthridinone	0.441	1	0.815	---	---	100	
53	STOCK1N-35696	0.548	2	0.83	0.05821	0.1024	100	
4	harpagoside	0.556	4	0.835	0.00115	0.0065	100	
510	5149715	0.507	1	0.84	---	---	100	
3	rilmenidine	0.638	4	0.846	0.00086	0	100	
10	xamoterol	0.596	3	0.876	0.00361	0.006	100	
505	fisetin	0.641	1	0.921	---	---	100	
504	5186223	0.67	1	0.94	---	---	100	
503	"12,13-EODE"	0.691	1	0.951	---	---	100	
502	HC toxin	0.695	1	0.954	---	---	100	
501	BW-B70C	0.744	1	0.973	---	---	100	
500	phenyl biguanide	0.765	1	0.978	---	---	100	
